236.2720474550531
9.6402306495699
263.6518870826816
253.363667385162
270.53871187128664
277.247200068133
253.74442212266277
275.529560315224
276.69381985293273
65.73666326686478
274.426251086169
306.33056222216806
257.50387323236174
263.1827604112377
251.67443943652705
244.51803420380622
262.68561779652975
269.6696202037098
276.6367703421645
279.536445089964
255.0428455584363
244.04507731469698
235.57163190803828
263.42773044836906
-6.047823132652525
261.7274882020687
279.61792568526926
277.8926891274266
258.96492067154975
284.53294669442164
247.0106286876435
265.1061852049912
177.2415936363613
285.94669362421047
7.408811617841906
234.69823586495076
264.7370524525066
219.63202677142573
246.64415722741032
272.0900439940474
27.404865038412595
275.9997884789976
259.94479838961274
267.83476389965983
301.61718792260825
42.838272632139706
265.4163724266443
270.30993248673235
283.315989969511
225.84877502601964
266.457375534848
230.24497932433405
238.5828090577691
264.4538990346391
278.76085006602455
260.6868314999638
221.61040547988992
-11.986613764873766
249.74230522135755
279.3607499882701
286.7105516765329
233.4563388347983
277.95380945947215
285.94766301783454
273.43953220822266
271.1690634797684
258.95355718731446
257.44564802366244
58.38020335567046
246.98313369283414
52.70065914850335
258.91306412469595
13.43425793949578
248.70964057502107
259.1695483410284
288.02488721710324
259.45378090058045
268.21999782573357
261.3448052779448
252.3801861549651
246.82822285216974
70.08301672340366
277.17896254561333
287.62274253054557
231.0644900387917
259.4762634391253
264.7902077798718
258.1978128233834
259.8868580581415
264.02914126921337
229.1455246964622
42.022238926558515
265.3219309268609
250.51981038223028
276.0394223292624
291.92000328410944
235.0558392810226
234.88833605832917
230.21134121927415
-44.94676045145313
231.7176371985192
79.45276768280868
24.400507029964245
236.83729141872408
247.8997096560754
258.5826106356757
27.62965807885108
236.27783450784122
252.35338987585976
278.53954879188717
266.8019240257546
24.046310407764736
221.34898385650365
218.87643125485687
235.36956512889805
256.2759747492903
248.49405296446216
155.17540548964894
260.2672088212181
247.56704985524274
251.9695575833385
269.75244013153946
262.18528105785094
263.50019277135857
285.3083515171493
263.1955987699362
285.6781738158923
240.81345736558387
284.6969133272207
293.8886662603843
264.397085034743
255.43811762242805
264.77691660905293
-29.504074100494734
270.0618971458358
258.32653081198214
21.82747782409551
226.3422335990226
268.31900928289474
256.26025217190454
282.1188479228413
277.4220881626042
246.77112508872278
266.46631878049277
42.408604095948135
272.1872585705453
235.03434655743501
274.22182756477207
236.1456096679141
11.28685090253164
273.3085875940167
234.84176880601038
263.98376476565164
260.7685602039912
237.96303942976223
268.88574082677616
-9.58747118419413
31.63254616373905
261.4322083144063
267.3267217408402
281.77635477791694
260.113079666217
233.78589752991778
6.505217105983718
269.56072838703903
291.59629877821146
238.1248434455745
300.60476158927133
283.43366744190456
19.532052861244452
264.25650578757944
262.93281383755635
255.06884252633517
261.6132390000082
259.08640168563306
254.0353035913345
292.3408239652479
276.1431045100496
239.84149654355957
245.38841830485262
243.80571232244023
58.48081338226655
242.26616762644605
276.1040866564609
31.19177768274338
31.37979284603648
43.479451799656886
241.31268086888392
21.643631063512572
212.10503544577625
290.809659779631
278.4486204395215
269.0069610577484
244.33858075455115
276.195729159691
-1.3592359307793345
224.20490920485747
276.1866293788453
270.67400678257957
239.97202051668933
237.09836334991928
274.15651159823204
299.42973898638445
277.29494548312
267.01610856660153
272.94439280121236
238.162713340659
5.3173321701681715
264.43770362417365
-30.86903587983636
269.4840575334202
293.062179123682
269.37997210180373
222.27518668611077
242.70405148966947
306.3789189880101
280.2197116032501
242.93073656026732
236.85760294614798
25.861240582743804
261.70313860783557
272.7298711033351
18.604432714512413
244.46613557966108
29.255008479728815
53.66305346680281
244.23266961070397
246.05600497769285
20.944820534398502
258.8243132443147
264.2119318904127
247.9598875438777
242.39170361837947
3.9368802224878863
31.97912755253205
16.63128723786042
239.11777302102925
249.86263568712383
219.32369917703932
280.1470148004606
293.21680724596126
232.97051667557767
273.16423022185677
33.756088424585755
276.9832679855489
28.489387429227975
256.53368604854916
268.18811591398025
251.77846228856632
227.94181960403625
226.29063646922845
65.299541045969
280.0577266190707
247.0450764387751
28.016840179430375
266.0110786694456
228.71735793631677
255.933397813637
29.855587900915765
276.1861300746969
250.805652172096
233.9342620494326
52.65102298159303
271.015760674483
267.3737581092713
285.97322736667763
86.6954635098403
286.5475076201607
233.8127669815879
222.30534521157625
32.23613229134179
71.1888522450885
281.9928454034708
14.68681350316038
308.20658162051654
281.57567765101504
291.52362589039205
12.55186617823756
303.4324013624696
289.05426466204494
296.65682913983136
266.20982425324723
262.1739467304585
271.550906285809
266.7941621540114
245.7526217440834
59.15673121614404
195.0896383192137
241.77065334833057
245.21581023984194
248.24602797989522
288.4236623280118
271.2700339123089
5.199339651477118
251.23813619187348
306.23157939395963
298.7494808152028
265.21701227262554
276.96447498375846
233.70162238893258
252.12880299646008
264.05238666813625
211.90450715830983
12.282926035044213
239.93403929174124
86.44625034829349
256.29641096854425
258.88127328639916
45.60800908432836
282.42706078504364
263.68159445724416
274.71662912163777
231.84975633237846
46.03789794831431
242.91228665036198
257.39613588558893
259.90569767326593
234.99906862664415
308.1276773726323
241.65117247977753
268.19155491193817
260.4203426020323
229.6413779607911
293.7337358745169
265.4492052503882
255.95211093532788
265.1475512154986
270.5389246606403
260.75574467181696
279.57802500357127
275.16092760158347
57.94347982262329
43.804143853997374
247.26360778910063
181.68416839155748
256.4058594118688
244.97549297154922
-38.481977743721814
52.075319505769244
249.11209073716967
58.922119983349035
215.48780815108967
279.54375271341576
257.7575556586818
240.99957714232545
260.9531318768494
39.001121494528775
290.39360097571995
298.3198772632105
64.6042924316516
-36.49247736764808
284.0658346590162
255.74880300804227
230.04106542739254
271.9920185859294
255.97616643662553
253.65132646262407
259.7947856296467
238.62022639063485
68.09771546538377
263.61637161158194
227.52443701142806
274.502205231
285.7259394531402
233.19986582532866
112.37165079607712
8.77331014992994
261.7727405165658
273.23840947922406
253.15568562043364
258.84732537514475
273.6843558281075
213.04920370592475
260.3067055206871
271.31665204174817
257.1844972326462
239.2992704477277
269.833328225346
280.85817470805387
249.75528782782993
266.02400093780227
202.077619354543
241.10474823315172
257.04463420438407
298.1126233678408
295.60556704917406
306.4710068023123
87.28263929611524
289.47192226013976
275.69434653204917
232.4196978007238
275.53219530235134
269.0101826556845
10.595706584975147
224.7627409205469
296.74049923629855
261.99666247491626
224.8830940937583
284.77938121018417
28.802300369196985
277.0291057529738
284.29665835188905
277.0929993400192
265.7331083654659
199.15131369514575
263.6134115479831
218.1158959512647
208.73685314555516
49.61115831203878
226.12680159086077
250.66541677907784
300.81098144875284
253.32372840535285
274.0059570666086
264.5082659901976
219.00338565376347
257.15283409664994
251.6649245634377
276.1598976705678
285.7604945598608
260.9245087721091
248.24184411559722
265.62133549522605
262.63812299469487
268.5085764832028
301.4017153499029
229.95713531113418
24.612941268279215
-27.147899454672398
241.69175289359993
250.4465405086161
217.74726293113807
237.85571381488012
239.46475236945977
249.58419363106492
256.1472726196058
54.58700002386513
266.41284070518503
285.3465833423386
247.24642769458865
271.71456819127786
56.973902870971585
221.37492408954444
271.75259314882646
272.6851403265106
266.7242183436799
229.06654749398066
259.8479333113397
68.48755313586219
273.7712129996701
263.9052951107673
277.3988716390227
228.49182456748406
257.3749546001304
267.3126767503379
222.45804746819152
272.80044978276914
258.1515762533264
42.16579602863675
278.0490098654265
242.37773402099734
255.23313879830772
240.36856872733335
233.85845719565071
279.48274027114735
224.66176058685866
79.06380386548469
270.9096028210127
233.19143574828664
279.2239848136989
300.65834376827223
293.4687057694278
246.52698290201042
283.2374094997638
298.22103914720714
264.5717389226274
269.2894651944191
302.7874527393809
246.33562787299138
54.736534166343915
231.85972059812082
286.5057953372533
286.17639507880796
256.39655538101107
246.2319558581404
274.6742918140591
254.37815169114225
245.9986712439728
304.4454304006434
225.64684452032708
283.5534305441338
290.3993077180784
242.52004908776607
212.48885987568883
50.04858471985389
260.4420886752634
-6.60519794272642
269.42755908188434
274.6250017258051
229.05910749072768
253.43754498249405
303.9933682537612
62.9583041450075
264.31910012682295
270.56777081439634
254.7794025397927
35.34573568963319
270.1217052364657
242.29296509944487
254.18047598609039
257.9551219094003
218.04718784106757
276.23486087175957
275.42450727511516
240.17584173118223
269.67865611807605
2.0458480203365355
253.48564194381584
243.85127930452182
269.78187722224004
254.90398611555526
281.8952996723158
277.24799578395806
260.79162503912295
279.9814571244924
266.82854877982754
234.22101783986946
263.66350559714493
312.8467789005588
16.708509158837856
290.46532486783514
288.8959326817004
203.63603638407184
38.978825250547715
263.16196143809435
277.1170682994798
219.4013885728658
271.754861794322
296.1442388783
237.37108957583763
296.87427719646945
259.2431585943264
278.1836360981087
265.16971885650275
254.60333858257565
241.443006784958
36.059273280611166
303.202108821549
246.0360440510508
290.2587097995903
269.0897376485479
274.32298122355894
260.2544082629678
253.25948605475583
234.37827201821827
259.4192353973227
47.84770761584659
249.19435167721764
9.621399120687585
297.55569121671743
211.0942333165674
273.4283956713658
250.03125129158096
231.40275564143718
275.8427988624045
223.80174736395412
274.130103923126
258.62989069144055
2.9597071316740227
254.5810707642959
251.05413632063815
268.1971357366555
225.91048690216994
39.324999208033404
236.46474141331723
192.5416380877045
30.938901506371934
271.8484723169544
240.64641523276038
267.98005246769816
280.07436887998176
271.8887734696254
259.4871448372386
285.7269881208431
266.80012493573156
-60.40667907732241
243.3715487839426
267.51752930527067
266.8109660529532
269.2691890876115
288.92039291811113
264.71122747875256
68.16494660139296
210.40960079081756
285.4494639739961
238.96728072694435
295.05229979684987
277.53523117229855
247.12750879146938
267.3417337840202
257.4694605944594
-114.53782824622957
9.518778374722444
253.26773987406236
226.5497333094989
264.20613268984056
214.57100059517052
219.66282819996135
250.2859304841802
257.57010755467667
301.70430695275513
258.77626204477247
287.19814158612076
250.78608833574268
77.50337108915465
263.6890286311958
62.33680559448942
271.20755188498316
278.8991600414412
189.8106925641099
265.7171048152202
252.23505066172524
220.80969196787134
246.68274014343947
288.27107232619073
282.4528070360836
199.38942374574373
263.21599563498296
258.2161900520911
272.65320601476776
246.70939910540773
277.85825359249634
276.43077835839154
28.30889101259652
290.0212136867069
270.6172907432124
259.26659345778944
278.3538944932394
216.02025153005349
254.6954144321303
246.12401529950333
271.8630152235579
222.56809790783234
282.06514556496154
-24.379657775150335
295.0172169073528
267.23203313681915
255.09197321135238
283.801969313429
270.9405850425482
265.1787933905203
243.62795762501102
31.89554159693705
74.62646499726165
226.27744550868314
63.19000783564081
293.27440763529717
64.9523876445877
-49.727500707530545
258.39515618483335
263.42342769778077
35.22790674325918
238.02217408226426
280.8850067715641
275.91371137547253
273.5990752157862
34.80802301121423
293.3273745652155
259.6960178875924
32.910961425164544
258.58296859045765
13.489270878677303
29.568335838782644
272.2576788465609
292.9931664885472
252.7489560542885
232.35124223878736
254.120679755773
276.8124848559511
241.75592347782487
252.1342379311979
248.35244441322052
53.2871813059549
270.2373965160036
53.750589812543836
286.02278864440166
241.9007100062429
276.58178526837264
247.31107076860172
237.4149151373747
292.99584504187925
259.4570509384132
255.65050430985332
264.2988532768317
277.8156965705992
227.4889486114956
239.72694301919466
263.8881259368152
275.35473217840286
290.48792510497697
288.9978440218011
281.5776849098502
259.87443500440526
236.76231271244419
251.673894354297
251.59929943285007
297.55406266427633
261.95809366596575
290.4713735675692
237.60828754044522
271.44879596778867
289.56637163933533
20.2409418478898
245.27349790412308
302.81780775263985
254.44645557420387
258.7017604281041
43.70497705048638
310.5478166054957
289.48385404664316
222.16394221797412
272.39458819285016
-2.440882240187804
251.00514826185196
229.57358210330676
227.05993774305864
261.1809767189868
270.86970263007146
288.13323978446715
29.810083783589988
43.45115485210482
261.508930670586
257.9244457220013
-15.578535100154696
291.2771811938484
253.6713887608371
309.64859552222526
-13.512165633440517
246.8049815373314
30.023113773489143
254.65834998267164
244.22698565334898
-8.993872165045559
274.87446047775416
285.554603402927
253.13211637366373
296.1096013173181
240.49371539037202
278.191631145888
246.35041830888525
233.06660945532582
257.842867218662
51.952664831542535
292.57256728954604
294.06283949178
257.81791503272854
266.16068504795544
256.6982462813306
-72.45991331338466
234.1060284661404
296.6641167743604
236.45191484620833
275.9850183650543
261.39287131700564
265.7361966105083
239.49820564804978
36.742041642636366
252.08457304889197
281.17279889294366
257.80163047907183
268.73637575377705
223.96913617735723
292.61989980209535
-239.25541917936619
76.28490425607868
5.942607010485531
288.1863054682777
260.2506026684354
256.38168668078515
270.062966427331
252.31408756503072
272.86990134184896
268.74710120296305
256.7210436338605
282.76019923592276
289.8109575910777
218.22873117320665
0.6564446571348554
51.38477419278988
14.362927549261144
268.9407346408674
271.71128616646394
282.1939596046826
70.95454384261365
251.5851674324108
281.21878611958255
296.9563681079849
-0.014390168159380323
246.6438010762304
240.05592790612553
249.02238658941755
298.77298696295554
230.39639886015476
289.6880418544953
294.0059765035112
277.53017245149596
250.95157743098866
49.721100679510045
18.396390389909925
284.9734051095748
43.20331035217896
-1.4802375387405107
251.96283338345876
245.54821062625115
220.23747169981112
13.576179812628169
280.95596081609
242.00386704505627
221.5818886497527
257.735275428471
61.42834368270479
285.6429663458564
234.5485636484102
242.0882960011698
268.89011468987167
52.592423654346845
281.4825289706326
240.51107297594518
254.20689750616845
248.95761661276526
300.0973022319838
241.8121825667399
43.135740014894
202.65164362631714
226.41474669021625
32.293804372478235
263.61067697744954
38.95122814556203
253.77645966944948
23.395206583971174
267.7249896732143
-81.30975717193557
-14.684688236695848
38.06814543068083
236.2033686772071
269.09713548639377
264.6304068166767
272.84371490428254
262.0364206623636
245.70364615952855
227.5386556766886
288.3384230539304
221.25470173934272
218.02437561511195
250.60038362619852
267.6607395290976
256.68959928952034
18.509456342457995
262.53322614214073
280.8735171201305
223.5535143683382
217.05913741089782
246.07369325133638
275.5077078261194
227.1021331613316
236.78740498659167
7.240908992484449
257.13336554953844
285.5564865649196
249.09979598934825
74.88688776992117
242.40594783782413
193.51345763303155
240.0011827690613
221.01284350164843
286.2815325703557
243.16344010242477
18.84608860550574
261.2082492007567
234.73322603737623
248.344841864735
277.4592141071947
270.7187049709887
284.18725990221213
265.27315320491675
-215.09039312620058
284.09724369942677
312.0272614219497
80.95308316924582
290.237993519867
249.1823190689225
276.1080350504027
226.32078505984032
-44.89252774815826
235.49727073735096
236.77149533096673
300.5932732845707
224.52600216920058
245.57322281447017
251.00514235472593
285.079667781032
286.7135117630657
246.26596505849596
288.39374372062787
222.7339427271396
280.25446966223353
285.52566300508585
238.01001204632766
255.5017026636051
299.94160176941415
226.52096150185758
263.9223155927258
229.02117916694053
-118.5806382206251
254.14108922347305
274.3248611273116
32.940458647374754
265.204185400456
295.60662086115684
288.29891002380987
254.3255986822527
243.53834741558256
248.05270948900605
230.96265534292374
290.33565994090316
222.0329059480022
254.16285541770532
251.68409461689222
273.7624930583727
236.32530114946996
244.67395297446612
255.57951450727074
190.17336000081264
273.95002272870397
177.04758120115332
240.05895011946328
274.63492286224596
-17.224174335533647
300.1768392524094
280.0087569732685
259.99587281208744
12.326986120373874
254.00469591522972
31.07153689891075
14.249674784632106
243.5369029136344
259.41440188366334
300.64727098475066
257.7975982667497
273.91253113307516
260.877520761812
232.37295668491066
184.3576733231571
244.20862846896574
287.29850059306045
269.34155161642434
257.29027002566113
248.42278638807676
272.70628862594566
292.4899289813552
278.11502096236916
262.48000169425336
263.56580110634275
265.38904701897434
291.03001253100996
62.64141872006485
25.86187293351574
228.28484785562839
266.95501394260475
286.2697330502069
249.06512253228837
218.82467110640334
283.80736223381507
281.6340611054243
213.37805858683902
252.6307054222202
27.196479547288334
287.0576238762476
161.28288732027602
260.28385693015355
283.1300416675381
227.28017104423293
224.46129968344962
239.85300095622063
299.4922150668434
262.5959273571211
234.06093376272017
230.94574138632225
291.97157072662435
182.35715107452066
76.04282029451838
228.70533705959602
300.6167563823898
254.4725628277414
233.53914075840723
255.3976548205037
274.25485952323527
280.0173422786037
234.3207786372757
267.34263263652076
247.61409151886807
237.44156683529712
286.12361048219043
255.99864976604817
257.43701336417814
236.0077446099838
-81.58901991820159
-25.35162363848974
2.8826624471613087
-12.476419384786155
250.46830868336528
253.47822267515153
225.48630977505752
286.14838593997456
266.93099045699273
301.36248646858223
252.73299830411338
244.51705499348276
282.5283862862748
258.35165651886985
68.98507777492512
267.71029140938117
251.1600286560864
264.42472863635663
300.40578488717955
275.30406896160906
21.099287959766713
249.7175538872656
259.0664282304612
298.42301149414504
238.48088699925103
223.8277847655933
44.427661163575266
267.50107350713034
259.90233018363654
254.9015175312911
258.9266315895343
260.62049285117666
277.8554479515897
258.9393771503127
259.4844045429837
58.74675057630631
242.60458457753123
243.00487807501682
255.51044246958656
265.253045735285
41.74156007041432
46.68956587961395
301.2888426997618
248.7252933617461
259.0904450288894
266.9453919091715
254.66137147175266
258.9605300969807
267.1089952139482
259.1712694342917
-192.6224786102497
208.4913771451741
240.38897616226484
243.06556355180544
263.99084946920533
290.6287733488395
275.46269997057965
261.987843920905
250.48287799922127
304.8322936921627
271.4516762298042
231.714640946665
238.799160214199
247.03511122879988
221.95553051079054
237.65659093580757
252.997395618271
14.073612818763962
226.7853989335995
235.5179466082292
264.6154121384633
251.423524807872
268.16389405274515
263.82160147041816
231.09231976475562
255.5202145016159
254.53819576650616
244.5264117343149
268.63637193932925
290.32893559101547
267.29030451903805
305.79979586797936
244.53877624680322
275.2273144026683
210.38276385554045
35.638929980635396
-118.33131980678615
1.8062432109803694
68.15473346344459
284.9594639146044
229.84929899273888
252.79362150259135
229.22134880899978
291.95005748751265
39.14624946632179
27.691134556087135
291.3764286878576
267.2994820009461
283.7599016075502
-3.2823668556420387
243.96453999276454
230.82314374333168
303.4068831497651
249.27482302305938
281.16548439654287
70.47127320706733
284.84844607333565
25.24045567551103
255.19134435116396
240.3261420616773
272.24888621925777
258.7215074571781
291.1122590633182
266.4136454955015
-6.000538693431238
305.88359759577367
269.3491128826007
45.08995263364312
279.3967294906056
292.337697086753
51.6779453983726
214.88707274451593
292.2199251397774
224.24229615216976
262.1723914096741
292.5159299414468
229.2550043796733
299.9139653441899
227.27751891655174
265.5731996865034
245.7842658620941
285.00379375252163
273.39630717735355
284.2300913979336
13.213776913176588
301.2712488253513
253.87104255066998
256.88278323788893
260.41522072709097
236.28835952354203
249.51471511521416
237.1328327893578
42.76572490210643
272.91738209999306
296.463051240882
292.15388409778956
47.96340413151029
281.09779304141534
252.56887785148598
280.16803099615396
258.51514363411616
224.4273315316475
242.92815948161825
44.726413352425425
243.44998600064753
242.40953128001522
272.267495125304
257.8418430155981
249.53414301358987
248.66958581657633
82.0854443131393
259.8701007976625
277.8870953060648
263.4165979755867
229.3124754131123
7.560453836664038
289.59594347006436
254.94483943215403
306.87098801499315
251.62615122239296
291.7260198970924
256.917028796021
273.47329025194244
22.40469528555188
56.69440678362315
285.9855895725311
255.941153897452
286.3472888373191
251.40689355920375
278.2100485813986
254.6442809054778
84.06708402928413
183.79018743118934
253.75260676554583
304.33349367513756
243.81296828396685
272.41536886343937
253.6630837664185
281.2452979582975
277.5459505945938
250.89135301439512
286.4368782680243
266.46082348993923
-2.7518705105038492
238.7396216519189
-143.9152845755732
264.89990725419864
-43.88378506707696
255.60115265385636
277.4127803985168
242.81801525008646
60.57940295742128
289.6402768161521
30.913131246047755
242.82581186200846
230.635621066719
258.51428993601854
287.9983205782406
266.49281614985597
253.47192372418604
267.1715405492843
-21.859613651849415
285.17829466032106
11.932906022353905
265.78815808238244
245.2201484694989
237.25168561741617
275.512456826866
224.37653481202
252.64362669938117
276.7411159276828
241.6321262568777
-0.8500157460150177
225.47224354477686
284.4075888586276
262.96834541316116
265.3115257793415
0.5229098681114834
15.346107278537772
288.6915505215535
276.091546379757
277.3304261029863
278.1024896028036
258.5206470982332
238.51747134031038
275.5771269254369
271.68221928895593
297.2180842279513
261.47927018035983
297.76722358724163
252.95198607738675
270.5944187655381
259.9176806513269
293.38873050714363
256.271992553602
12.498391452778108
225.07109058634515
284.97507030799704
261.08808547604735
253.03081240967805
298.2267353310692
295.63522942105783
-86.8962040302259
267.9874242925415
271.6562023721981
285.590845194052
277.29857801992534
268.1170059804045
245.9472121138332
58.393494135104675
250.8530400705995
29.058524691777563
267.1386268862094
298.37488871936944
223.00478000005486
274.12171516613773
234.29368180219276
264.6500347378361
297.38403688650084
256.764851457758
258.70570070482233
264.3506342453612
239.24004099058902
257.11069622022706
285.69992165800045
256.5573902084199
264.05436863840225
283.44850640688213
259.49507490932876
282.2989054180417
288.5256370494789
267.2765719927728
200.7688358707575
278.4276544234018
254.26498625415377
247.98055905415492
245.8401722615458
282.0974340846595
257.64005088346954
245.52354225511544
267.65153885774544
240.64623703340263
-0.08254900095954554
71.36619159249986
317.88210036122956
53.67605505468555
258.49113018148046
251.30299486379062
225.76567007315913
-153.50280226259204
300.55641573179287
290.2144910976741
274.78327391680693
292.04075937861364
291.2541499866086
-12.64335933515838
37.79969010523223
243.46110775456512
245.05173885845994
277.32024074351546
226.65315814469216
279.0419087459808
263.69282108664754
258.2234601691629
283.8981364907107
27.958520779086513
260.62936563989524
253.17592953837462
286.68678642449305
240.51673569641133
-32.04196114629481
233.21595114192957
291.0931693794064
246.49400459038955
270.2023084712383
-36.07745089411512
274.25112172433774
-73.89439214838234
254.37739434245918
239.8058049737428
38.011542980212994
265.06324347315353
231.12978431776642
292.99236083005303
236.07082694321292
260.24333353805196
235.35003367311586
302.3610450648991
1.8864457202451916
23.37813408635182
262.2337869908064
270.13835979583075
228.69255502067568
270.48727171988
182.1965403398653
76.7851329547724
257.3806890674597
245.2693461961473
251.19862555132147
281.6152761510914
260.4841655505518
260.6945588344694
282.88289144544103
239.24059667474938
241.28243308936715
285.17804773687226
242.56352598466515
218.92416744468346
252.0387914638825
-17.328480896360276
290.2885745674894
266.53651615071874
231.9786003775034
229.13227685097257
260.08659883293694
32.3862482840685
259.66112672045483
237.84784629964722
228.73305051742904
273.15529818413427
233.71293644903255
299.0050554970245
283.219842473506
19.96191229790469
156.5831626226235
247.29287988040744
287.7399457251229
-34.4251556301881
234.33966962402877
290.3303553464914
37.66377478071371
37.62241973850024
291.32311469102274
270.5940777555071
52.84180868300251
301.06400419150845
274.10595681675045
226.80093811273971
264.4865832920899
229.9941782023035
271.2407099188558
246.23396978375172
250.69519157544323
304.0000893488017
249.9553090310962
264.0335214510784
296.7869381945442
71.90910066250024
222.04775188762122
272.78391482905005
266.4909501120803
273.5111038536037
250.91053593526007
257.5988863944293
288.6133845704882
266.1787332188029
226.16849666535336
264.0821849712222
232.3909746138626
291.5412238159754
39.65290417378367
284.5427851668469
287.58325133229005
263.0595447930539
250.09690435814892
254.21978399392057
28.601164682351424
279.485444933363
242.81651166327777
268.2927152093433
255.33438857689595
233.25293238225532
65.46105634060063
226.55877886735522
237.62436070887435
306.78119504619156
44.85533114615049
276.9726324601896
275.21626097442515
35.720934875046794
244.34794812850805
215.87516241213814
284.66685780538006
261.1760365427198
226.76718872296706
33.53905568175438
275.4591125176198
262.94092484153475
229.98179248580786
246.68852312935252
238.3828908437224
5.82468411322958
46.38939457648067
274.22939129638837
200.51711705799354
267.0077277867746
270.4769394880757
254.48173195096498
237.20384045574878
245.80734605804184
225.3202377816591
278.05012042370595
293.7634420164966
12.2843529688585
235.71106023006507
241.72289032280997
263.85227043359083
230.51569087440168
279.0451700963426
228.12069409190832
239.72762096260809
238.57183124757998
247.7675183632815
35.854231329805
282.24427097779517
17.648092902803114
226.55109518079945
261.09111195272044
251.15754696612052
297.7298210144801
231.5679089566548
293.47244130567793
257.3248842883054
2.8614319004747557
261.92448194734834
273.28778749786943
256.16418516934937
296.15776925771684
231.2844554013257
238.2277482853767
61.00474963494827
267.4407191831367
236.16916383773022
276.8945739339836
239.32949584367103
245.9602809304979
230.25445621176286
303.81282358771773
248.58412619967848
305.1682486687646
267.1588035864186
262.1646517618103
283.010023507727
249.04766275892308
272.25552165230033
258.82084039175083
269.74881838334295
-0.34771526702897404
279.2686581884418
245.09833311633227
-2.9221570919324904
260.4257701192936
302.8192766655204
11.377306612207576
300.0100722487283
264.9569410592487
187.78382283649805
258.4462836232948
247.04431142819098
312.33401025501746
298.0566086856204
-98.12653737959366
254.65795924449012
290.64495138110817
270.7364623271294
222.30322636791885
273.8157430454203
263.0603762617714
263.85013955096565
272.0200284429402
-249.81884173521692
239.2210401204855
263.3824977964174
200.61981314874507
222.6292881498057
246.48796923664955
267.71571600972004
264.7077770067717
290.4059421071628
68.22810370889673
281.0650570531981
285.24184074244954
214.9919556412358
272.9831549094106
-4.546758331465455
249.8698226293682
279.6396535305006
238.20264089904546
266.5460735054143
261.91091891488526
205.5304228491151
23.242401432011903
236.36669875365996
287.908785856752
238.9572021191555
285.70282434315243
237.07465487265483
82.3752863627237
267.3449810751068
241.32008161173107
-25.280133865977405
255.55515198392186
264.09897506214645
255.61010311079832
225.79788035008505
251.76924081178927
269.62810256435216
259.77468242226155
-18.845206126045355
247.47650066624945
257.0453260387873
246.88680369336439
251.93750286914644
314.16781756268233
268.66534607327253
294.65392376171815
254.86941703820233
213.3091614780601
272.67253722976534
240.0403750666431
249.7390875301835
265.8047779347291
26.65801738477316
-73.541229551334
226.281881136262
233.33870691786123
272.1602673825545
26.346243644791386
272.0657624205162
70.58015546657887
272.2950057708091
247.12737795430058
272.5117298860406
282.65368598874295
279.4107996148526
269.9762512607679
259.67494401696865
247.28192692949904
259.03758755894745
251.187318047137
275.07296992759524
260.03367823219327
264.6751284050009
275.9228537926272
241.74977148576968
276.66678569361284
277.1808477611238
226.7807667049243
1.4492868438701692
292.8378448468931
294.8381607645518
231.2911670244911
249.1466175374773
-92.21752684777286
313.98621928325946
225.28287737722744
299.12432521220484
228.962711282085
255.20279235826044
260.7233649174329
222.4949384007498
283.0401297116526
248.2066227849948
25.590968222294123
301.6869208094188
-20.234502447091813
301.98894875413714
273.1937625710303
265.69047548293105
254.52248000876497
233.97207594785874
275.1019823667091
16.637164679522073
224.09455767371944
256.40969597667583
243.88049466358916
237.61354219175212
278.9008775248937
240.40750751245838
250.48768449094067
226.82774641943632
-26.725387588688562
4.246923402671399
270.440687261561
283.31309553915867
241.2766214448332
238.4836518688443
302.86824980509533
266.8321476837337
217.55584374947375
12.336037965782893
243.99528921635894
28.100710272610996
253.69294935895277
256.3919880015724
265.60165101490986
267.37239932780324
224.34980151169665
256.4501173318997
273.77117947076744
280.6599805022736
266.5944198523222
301.47395453485353
239.76534151781763
220.67430531974594
290.3636506378746
225.53641228795516
263.5628794353876
248.0049040485668
250.27219968631664
243.550518163423
248.79768533530657
281.1731050667941
268.0570709132734
269.41366213829076
4.1398592502375635
290.96581895227064
256.6178618503245
251.2195551550656
263.3190351858884
276.77092267090734
254.3857324795579
277.74963576450284
284.42874716541496
294.6141056976131
249.87977372789823
269.36211451096585
232.04662080489024
285.6404671179105
263.43413382218705
282.889289725497
284.6288213636483
34.37194087500728
5.842591189144457
225.02072387335122
295.1956214459576
243.31463250041708
299.6851020813561
240.4513880561136
260.79736945881496
267.6249073283948
-18.639240019876
236.08304865486076
218.27564130605072
246.23053560847532
246.04584894057422
-35.879935759575304
245.14138794885162
279.7443323131836
255.37642354725418
275.15151507362225
-4.434979801439198
266.86629839245944
254.82476277712166
316.6664168113902
210.18744205047057
234.3279819836079
269.1029539108356
29.68523477455676
11.328368220791447
225.02433039635173
230.88575113566975
-0.4598185994870363
30.70385614612195
275.3947898738354
302.51610563371844
240.30450088880207
279.7821915176322
45.41184933385455
253.67952774225478
240.55603172006204
273.42519878353636
227.22941439381543
254.8423334992069
0.257822809761592
43.55978091309578
256.5789176289095
272.5530703985362
264.2644086243016
230.41538252063364
274.72120409119987
253.17211461485047
299.2556311412527
259.61010041909833
262.8656746299034
224.6099947342194
235.98527103760046
239.46794181495792
237.33317758737044
55.055512967423056
243.8564963719674
243.13663809769616
265.07190502087275
269.2901690960141
280.45499685991723
234.3882919012707
254.63651155401638
257.968255473185
257.4635584067821
0.4544324918157372
257.2542722357077
248.27192532434614
263.64572048562195
232.73449218393858
-8.606316952189047
268.69823253104096
274.9346017443683
-16.359008525531436
270.156943848355
77.69398055132001
291.9071921797798
218.30087464483378
272.63317085439985
269.958199517199
291.48616495936267
267.6589576923061
18.778928719428606
275.8869178118017
18.52763700459343
252.38787596453852
248.63839418800464
259.6887728263611
282.0420570987063
286.5029164895591
231.89774721235173
77.5591586475469
25.421717501222943
276.72264650579064
278.1491782852447
290.87528896115066
275.4627632985942
253.25154308831597
240.33427832219942
269.39790687820283
275.32520836615225
255.76341875570805
259.01132890890426
252.23471450580308
281.97735125911254
279.7808323809336
227.47597208306973
273.5445380241951
252.87382632347342
16.81292761993012
237.14139604500852
249.2074707548218
-10.199000481764585
259.56349584772965
275.30095244822667
275.37988589820424
249.06790952611144
266.33143189630323
303.4708938465059
286.88382640932423
268.3737493362111
-45.53688482203817
241.6307862062291
276.25671119602
299.04814819964605
243.3593726816239
233.06648442602318
272.18074725564657
18.627521557950743
241.11409754408328
279.24845880111354
260.44264693983905
264.3322377083923
259.17382593234345
247.5006051525318
253.6825882062473
187.27337846484897
281.27125177090943
207.61533558274238
244.46803997166901
261.76130093463723
242.69913350102038
255.95678449264406
237.8562218279161
62.828837998083145
253.3514525506451
266.08602001490937
294.4150259872867
245.69895108728804
269.73813403025713
51.73569271316032
263.32777938778713
210.0061804866683
-7.7522651610259175
242.52427741187316
289.846734122701
280.3658409188446
244.91546629363566
239.54340283813366
231.32514362601438
258.51005017103813
35.35802738258619
276.2337626762944
254.8174188514749
261.3393866913101
229.38128906682365
259.810387980937
237.54840769414506
264.1634855823909
274.379952651665
271.58651418327867
267.69797131383143
233.0176130995635
258.40145915880305
87.92590214334365
291.7660803376915
241.02812624042645
238.0760975492568
256.306665406477
227.2774246508236
304.25903431512927
261.24617410244844
299.94911998891297
231.527755213726
230.95124116548982
262.41594641686436
270.3535346774994
244.5827904893732
219.58386510448366
45.75131919430635
232.04526600806227
256.6485888550619
280.5578367262906
259.1513614325448
264.73445707038036
-30.1694890938429
242.93148145380204
44.05438520150949
223.93555105470293
291.61548042289155
47.120819047306156
213.4115871572448
252.1266080171982
257.25316323849995
230.00451585274482
258.28235975712226
254.95860427608912
225.2287800876789
293.9776073096837
253.89210063673823
235.9854211686358
244.72650548048603
275.37532301476745
74.39111304362237
245.1131787730571
248.39287484950245
258.067251612819
225.7679739153255
40.245067912789466
243.686548401471
179.15838763037152
259.8318654188224
272.5312585993309
266.05777638017884
-11.870665159140643
293.04923518983617
248.34397232990764
172.69811006028732
264.0075318371953
286.65882124851413
275.268731029956
62.77872310779159
223.91418130312542
238.62767994334652
42.82685412709856
-140.78956584407507
284.1036859190675
277.0207640810006
291.0598595449359
262.0280575499836
53.16426595145646
263.26533217691195
63.5874049176208
217.52221465767155
295.1202882986079
238.9174516130449
231.12494543382275
72.84328973898235
264.49393693099887
242.1942803025271
238.3242670207628
281.1458997576632
268.0308389743469
259.53510177909766
261.8319024073529
38.75272497005909
271.10499325907165
271.4355138036089
234.35974679822775
-19.161034043332535
283.6293082810506
288.46715314982873
291.94196337172394
-30.671412384589217
249.57223046663484
286.4066130951236
241.57087724320127
286.171565989725
42.63823115683567
234.22142621515218
247.4684001771587
258.350264857791
266.4361946810909
25.107360478409603
242.11914230302366
275.0360671136739
267.22519741371536
256.24581461753246
258.1722614817205
231.5497877619557
263.83981726465845
224.2112589879402
273.7823990368388
248.3895445865361
285.847299679053
277.1713472455854
293.48917336136674
-90.03696097795076
287.2461308329405
2.0889859250258382
16.423539052163193
291.78690935201337
295.6763673696369
259.2932765130637
261.294472585372
28.811461307259663
234.2773369727978
268.82307412683804
217.59720620592313
264.2759857872875
291.608762774382
270.1945156548377
279.9470826105229
272.12744396692364
239.4728854424865
281.3921390217251
271.8890917706826
243.51085355692894
268.5257211674163
281.7311648442696
