-141.65086864426053
-239.18845757819332
-81.64932700882639
-354.7043751846919
-85.3151303830558
-166.65696386008864
-270.3110252567992
-468.6951690564135
-178.24235283632242
-196.3259206452012
-130.62817984188166
-64.77183094537546
-101.84519307469128
-197.7194461909047
-283.2602716692094
-61.476294124734494
-275.0711537880337
-208.5150825475995
-145.41511586289175
-121.92327817903264
-366.6776639714048
-74.09038094834712
-130.8084725447251
-152.94117218145644
-122.42113541885423
-89.36356465382629
-131.93666888193263
-322.0069336139128
-99.83937488554959
-82.62203206550383
-126.37102293425615
-269.81411769550004
-424.686758753419
-255.07386747118406
-139.0121050848523
-122.448455488147
-314.57298295844055
-344.49811146805223
-277.7044137699096
-156.50972649696513
-237.71521931111747
-123.7311783115627
-346.15948297372313
-326.7069958870065
-230.82613948530445
-250.90948764909538
-132.8767926487239
-162.36061212407873
-102.27672529448574
-140.10517061907473
-156.74143068688363
-367.53548314283927
-93.9801491480706
-115.70790786757787
-95.92547155837283
-144.13280027490953
-151.56718578461295
-16.890332925322582
-89.5834918938116
-228.9255949344647
-101.53586704179207
-135.69740326161687
-243.47755232975945
-256.49505416501313
-120.83932905859763
-107.36402213633698
-107.0219881981132
-374.31889983773976
-150.2030345331575
-115.92739593701646
-206.11133232231737
-257.10645147119146
-120.99184591034046
-175.9666889231716
-118.7135742095341
-147.45312472657662
-277.3635412486243
-336.28034576028375
-403.04198589790025
-388.98429668663357
-575.9845742066432
-131.19195025530468
-112.33167386708763
-373.505816129982
-148.78535485054854
-115.19084115520815
2.75924039486398
-323.8006032580545
-145.71119994942444
-507.36748113786217
-101.80594701702833
-165.85427258843606
-63.981961547473745
-242.22557603810407
-117.298814711787
-85.5189804693341
-235.58845677776625
-79.54556477204842
-113.58807771233832
-239.76324193435642
-104.07441764254366
-101.26672229535664
-228.61007536666733
-135.20087533267255
-79.8518385772883
-362.03301583975593
-136.10992885740868
-206.7485512292591
-129.6152344787471
-157.05564029886904
-143.2290188188848
-135.2537550650979
-122.32766802707275
-57.441331589974276
-162.19286357943304
-231.0998238286668
-125.24210466875576
-187.42994758327518
-157.3773690274273
-115.3474749665538
-238.29242909250766
-138.25042055920449
-255.95983009787696
-146.6165711082656
-337.60949104991585
-215.63950917940826
-106.59008149531483
-353.81548974840734
-125.27895161305143
-77.69325240698187
-135.9622188790207
-295.92575379976023
-327.8069503343122
-144.84449292291794
-65.529080002982
-401.8209176880767
-63.53567472213486
-135.20501914441462
-303.37245231273766
-342.3003266553742
-149.755802872171
-129.21743196011727
8.731423176457868
-233.83388455696414
-220.797116401206
-317.2732759346227
-322.84609288521375
-301.5365535155569
-144.84494744565143
-168.85639047573767
-228.92269088538183
-425.8700943123964
-386.4628984887103
-24.846875591351292
-86.76039335022483
-210.13758606521046
-310.5520395873076
-122.10718150939114
-148.4714874300118
-171.47689687636557
-221.82111541053882
-339.8992707909991
-100.86429706836729
62.89223332022269
-290.6524526817791
-212.11119884913143
-61.70920943899698
-335.8603703894047
-98.97870725153324
-356.33214849712346
-115.41837912845503
-35.19788732894486
-343.6034664999854
-99.01284574225477
-327.82066953340967
-101.44979715378487
-203.1386649091258
-79.89866350420128
-136.4201819028281
-167.58434496072647
-193.81067740824204
-101.01224657280704
-145.14624685702788
-69.86121792907991
-120.31309262983278
-80.2412831820681
-291.26385045393266
-60.17105816218587
-70.86022562241733
-140.3638529928673
-252.8907522512884
-105.64345056128693
-321.83876333097817
-153.35329703567865
-98.84892903124276
23.90886575739674
-151.15407657759675
-235.582610883303
-253.3223498655383
-261.4949388928147
-399.00592680515945
-103.21003324978163
-25.787817542113302
-120.91352044131646
-124.39444533467837
-36.66392158409967
-198.87949268562562
-366.98020919606427
-61.29773757255283
-243.50035953221794
-185.555209792048
-365.6477816989585
-165.83148931268317
-124.83404074975051
-117.03947474865969
-152.0965966117048
-146.923846871665
-148.16427045266116
-436.8151150160482
-118.10018471952847
-97.62725481024445
-137.9431978929809
-259.19089636087915
-133.3210914154912
-130.83650528443113
-140.14784176635737
-148.74756827868356
-32.19166607181094
-87.16102874308152
37.72615905314555
-153.05099971213318
-2.7787505123924774
-95.47574336280965
-324.9017443977111
-90.46311142072912
-73.71883913949449
-82.43418019024273
-177.85724842724164
-349.6340115957579
-60.377227126063644
-54.75975412490979
-119.47597370974628
-135.00883973760943
-258.37772190384294
-116.66270083305261
-134.4935563536381
-302.03966026775356
-98.21707906955909
-159.27000227706213
-121.22819236852641
-306.4936293019422
-83.77583615303129
-119.08003281728074
-116.91474653933301
-91.30969031847384
-169.57917439851553
-126.38228908433214
-73.19650922500453
-81.02245202813465
-126.42008332527617
-105.3546645241692
-110.10716936966328
-136.29756122833953
-54.69998312791891
-111.17369865275784
-113.64433309630846
-140.581211601624
-68.76371075802396
-261.5643780724231
-99.85370456754863
-68.84527126049915
-68.83027849332197
-95.37985389520739
-145.20946962764714
-157.34919092738068
-69.5179109888047
-130.12226280874302
-27.85579673149647
-72.1857540848749
-203.83359186654462
-124.17157884259855
31.712921881427093
-251.22960409601197
-287.21069962421103
-97.42717716844403
-191.11188375710606
-25.17660728093219
-121.84991495903739
-120.33036648571681
-78.26035606874814
-150.0785952938648
-79.67552211792693
-317.28061719203174
-196.08629508594652
-157.63943559835184
-102.22551817909493
-148.54470520352623
-194.2470743069991
-143.449252737313
-103.68272757253916
-206.82041034896372
-99.90450041759134
-70.65963958073576
-159.1247297997577
-206.94192756834929
-123.0698118340265
-129.83326573852597
-281.75820016111106
-308.38626640584044
-156.43324937444555
-89.98100291742489
-84.88289127160209
-145.08105186392248
-104.34111764993084
-106.83072938918147
-145.57840486257658
-128.0435073298809
-170.50574022166126
-211.53708111836934
-145.993162921955
-355.1699743292977
-83.32347783842758
-85.62401407305867
-237.77103557278681
-98.41570006630874
-115.74413554121972
-99.06838923891515
-119.32614989339433
-92.42253598780076
-66.77483636199885
-118.46961554022013
-69.6774314879854
-248.2426139814886
-7.764871777207404
-108.83259194221475
-113.91611402380668
-124.350244706658
-93.45692575567452
-86.99521412850089
-104.92560160891178
-128.44772462638116
-103.56979430768038
-111.44239146350736
-150.18570739274148
-90.64821820382244
-138.16465810364525
-119.70588996997094
-183.78004527067145
-144.0647504712918
-108.78600330801287
-202.39299422950563
-8.642183455709826
-84.69814243455917
-67.57434613850373
-72.64609088575804
-142.79033289891453
-134.8464861143184
-81.11433485583674
-153.9573900394717
-134.86023913633932
-87.08240615055833
-19.345380108458812
-140.49889307050825
-15.614087034709854
-259.67210999571546
-92.71401664662041
-62.78242966061359
-295.50157961846253
-97.06833898304579
-228.2000194255594
-202.07438116289075
-119.17021265217326
-176.58583514077526
-92.06255863538814
-125.45160464565647
-121.46894572089002
-151.29304758940634
-223.82461821497327
-110.5017268577792
-167.4384514070736
-99.67162086769741
-102.11419933659994
-73.26018223329532
-86.67050400768113
-93.34256849398345
-28.48535266924128
-101.85597861172953
-134.4497888158128
-108.95288349767031
-117.30785496409959
-170.37082434926754
-101.37112741485343
-100.7034294973825
-182.51895908367675
-84.93227800177755
-96.818046257621
-111.14838125949126
-113.86890849028183
-144.05905499131177
9.271971513931334
-149.72608248759275
-137.15683676687806
-247.3863749298972
-64.41398042968126
-113.48718679120401
-105.83765673608181
-143.06036166466674
-263.9373938700634
-47.09795673328858
-79.95453263226182
-72.92633746494629
-69.72165021266908
-127.79429205813793
-146.34284512136787
-241.97492468912057
-49.59848295645776
-25.634821132933226
-123.43517083750227
-124.87063811271588
-139.36525876391656
-79.44126974560294
-65.93779870887694
-247.57010880861415
-77.36430822230216
-247.6930006133183
-44.46751021588469
-112.41327799039783
-49.461987368830364
-139.7891453329513
-231.0278032790627
-73.98675049649833
-154.6876440002145
-94.2391790632069
-138.44939101775932
-223.57153123672612
-117.36278457920695
-80.9562772193656
-92.63739244660064
-169.41435037131424
-80.84272452738162
-226.97509056194724
-56.568709611884344
-110.11849389796095
-225.43476906580446
-121.2307389353142
-197.42585045443536
-352.4443321140967
-19.89689981369665
-183.53816901694032
-31.532508688359727
-163.42502528404242
-261.1621646739161
17.555672292193506
-162.22441630459852
-87.77022005430491
-206.99555448594128
-67.22506723200469
-262.0306248980139
-37.102622873040104
-62.71559707657256
-59.58073487391991
-193.12883649774602
-128.84764563913023
-187.0614916907921
-139.46302692602762
-113.99538427891544
-98.88862584903039
-130.55914558369372
-149.14213719636197
-95.11281300398258
-99.71916538429224
-99.85910922595747
-63.05875770509863
-109.5169359708332
-97.83679648415938
-76.2238199277236
-78.01916016481702
-197.84209348850894
-117.72144718167236
-121.06479606754004
-100.51514290713314
-92.04798897973527
-305.7671698491024
-127.95064400127424
-146.19085394037518
-106.77848329765665
-90.6034216060518
-85.32362419908834
-126.53148187486713
-95.33968933108996
-97.64973170304692
-46.92745046011318
-103.05917309643512
-112.91761679839576
-135.76878852882987
-106.85725093388885
-123.0403293534823
-68.68102334886655
-129.67381158049253
-272.4433631699767
-214.97373299888153
-80.91734542551856
-104.6798164052746
-187.83748615239955
-311.99888959310067
-130.91099746134205
-107.62345897416037
-149.33225002257495
-127.31333294069309
-82.92266719901136
-203.71218689425197
-164.81012541020525
-111.28547195764651
-94.50575659724305
-126.00845202757655
-86.08489543009212
-184.10910730609623
-91.47325163567409
-128.1812050611697
-73.40717168373287
-120.3008678397941
-113.82247910425237
-90.94188216844104
-107.81758899077374
-105.69280364409856
-86.91375069756295
-169.9338737301274
-118.42147391865335
-102.28449303006904
-94.90735083746576
-129.27209131434677
-109.12214133770559
-150.29390681101228
-122.57423734886288
-106.29743036716938
-360.97201505592955
-176.17775732168425
-52.48884611776461
-60.94487625724013
-126.46804214552718
-74.5382073161791
-139.64480194541804
-110.18174215171541
-66.65424602655804
-90.66427031713276
-48.78440572570584
-270.6289242247219
-167.48260880943442
-40.468446408808845
-104.71686251338379
-95.63244379435471
-74.62980128332676
-81.56834295095786
-97.6570729116542
-115.77073904670434
-74.00248001565095
-92.35868085007866
-155.7155509215484
-153.84288705066143
-52.912608027356285
-59.93276566158368
-155.70731773154432
34.8021529656977
-56.20033779617354
-118.51282028433917
-124.54287660547394
-86.86206542057536
-239.99935400372868
-85.86699483243495
-66.08294137215371
-150.71317852569263
-255.79037268950816
-229.9749256854352
-130.17731760779006
-222.53992941373875
-126.91057288551366
-13.432999081026708
-93.25717267454648
-194.34183094201535
-7.260160990418086
-17.82938838421579
-13.468279437293376
-89.7197837514197
-74.65256090441022
-286.9842258865332
-101.21589535665849
-101.11603745638763
-116.9554760301508
-55.59660822083835
-74.60350763028444
-121.51781498760165
-62.48469200465739
-290.4202110868607
-108.41537222039393
-102.46963954363446
-86.40717380218437
-50.47913329860574
-80.71249369919812
-85.2966306458372
-71.85562623363442
-85.70147238725319
-131.4906510634313
-133.47782161009678
31.867627526071544
-260.22493930784344
-102.57447497572572
-94.06486039100153
-132.94252507050183
-95.58224082294728
-77.39820649859405
-12.054211068338688
-105.55403891571069
-69.06178593985234
-74.7227451874463
-102.28839880983973
-110.38403480347648
-230.0518122813439
-176.14947807999445
-157.80467643496254
-288.18044581483264
-21.142375756996245
-35.69572816821139
-113.02662348154021
68.39723574711107
-124.31706619270551
-112.99887844631563
-84.49341328373907
-84.3521447990585
-394.6870767179565
-41.99299091972742
-74.10500490048446
-59.77119444860694
-121.10436684469686
-179.89302376433272
-69.32062037440168
-140.4300021805127
-201.0317372086932
-90.8396855107977
-96.38087563974508
-198.04200701370786
-51.764161385714
-100.93041353946343
-114.18758007719391
-109.56987550647963
-96.88307949040804
-47.685658078737106
-94.6001437161292
-95.96954658558323
-122.82986409746907
-77.92241044678757
-9.14708108411675
-73.4481117034266
-157.2614644692572
-90.77355511855801
-47.52939049494064
-141.1492674173189
-128.90979807537488
-93.49694627127411
-60.8596115186772
-207.1979126550675
-147.3724401614703
-86.74271446678698
-271.91185226123343
-130.63982718378938
-285.3449215931231
-143.8116648062172
-98.5876153714475
-77.53168049629011
-109.45442179612198
-87.86030449315467
24.267324474558137
-246.68286060889926
-118.91378997859037
-125.17840328661862
-107.93652711236766
-13.617838197503872
-120.6931453070973
-113.22323421759926
-120.26829119220329
-195.63259405914437
-81.56865611716113
-79.67654869103875
-90.45999985655843
-181.49839676703027
-89.56705680909609
-128.3521989458913
-136.43147819950184
-94.04820874538925
-111.55059912595524
-103.91436094567365
-61.62812709187733
-94.6441773297058
-118.1496769074862
-122.36297400077348
42.89101112553419
-116.16693852498757
-215.83310547770765
-112.7828271179558
-138.42850340048025
-110.9518045191412
-88.59291243744174
-141.11904870406397
-120.9132062932946
-117.13638014683387
-108.71151933040598
-166.72262801219466
-107.50799340991485
-120.60687811832415
-79.67356122535428
-90.82404123507283
-99.51454646354026
-65.92829114701581
-134.78933486582244
-123.54905541715699
-148.8041651058499
-131.4355481039931
-89.7846911814949
-65.39650921208302
-148.71375329047984
-112.87118064748361
-129.1807805200068
-326.3316426557417
-95.1856101972513
-254.92472712265467
-108.72237576505196
-185.73035653487523
-297.233131964799
-176.37071551798576
-150.8636355041744
-103.66806945052012
-141.8790856255934
-298.3367916085292
-113.64544186190417
-86.42900994879881
-128.58417416604948
-22.419312600041593
-86.47266847917494
-82.19662730516892
-86.150018410207
-124.17083464186008
-108.9806024021693
-58.20703327177903
-81.07644388845672
-123.31687108985446
-121.91572496209477
-97.70559993157342
-224.62058185894512
-85.76599156560144
-245.5862202399611
-153.36224334271319
-98.72153941039528
-122.11720443189992
13.833025644827657
-156.21569699187566
-218.10568065106418
-103.88185386100841
-115.73210135545962
-147.13986708137952
-85.73098958012716
-111.72160544477083
-79.81628590657179
-147.4385916120979
-95.10568120208373
-108.12311238086106
-112.6862681228444
-102.61278963060192
-143.7722289020836
-44.592354577664906
-107.91963902887446
-99.2001019960533
-91.27378104596549
-78.07607736029072
-135.9770604533278
-85.90817672817812
-25.82490504309662
-126.50201710019513
-100.42997087310643
-98.0936049280652
-176.48110623843573
-85.91559978805469
-125.22992656962981
-106.36803534376308
-100.93347141491265
-124.49064952362575
-104.53730323575577
-186.1072157565961
-61.34814349148746
-55.630723074276176
-72.26625925463686
-190.93916796621102
-81.8076632835233
-156.69241733958776
-80.24910423724607
-79.39192017257363
-79.06020172447961
-363.40363886096986
-52.07152551551856
-100.38596502090235
-160.23776705783484
-128.67902899335874
-70.33502425372185
-219.48228262316925
11.370566977341582
-138.49686182724713
-147.3645243157143
-110.10509936760019
-72.36243359471533
-137.5216239407095
-80.77788714300658
-80.23745622393227
-89.04137159314497
-127.02370076838046
-103.83206288988364
-87.45112286526073
-121.1845280774307
-146.0290977810248
-4.115393709736708
-203.21526776526957
-85.32700075978205
-53.546426057465354
-65.68584730272187
-103.61460757872095
-25.74839089498009
-150.15567723883933
-104.77984223838465
-79.61945865085136
-69.63397410882834
-55.7763094987046
-49.71316754497637
-68.92611908918678
-100.24975848354372
-113.67775246409953
-80.76173825949417
-80.11108082159748
-71.38959293837895
-80.89000868050108
-41.40302007777315
-59.47512438332616
-96.68875411627081
-68.62614788026266
-75.10993685471007
-86.16142589408794
-129.12340901890894
-47.08788941446685
-3.9617638166117928
-68.85883815812504
-182.70077492315804
-54.047727041483235
-110.33068493405739
-134.28378282909026
-33.6973810495746
-90.31507010972362
-135.9701060983961
-163.53078086181984
-64.21982441103246
-98.69452678096904
82.41527369270742
-126.61420484145428
-65.19952277166666
22.41839239252171
-90.08661279640071
-229.09626704695953
17.557697679135075
-74.52989677233438
-140.82639643051857
-56.9323319134506
-113.9468283679599
-149.51502410621478
-71.76962001318208
-61.57349375396905
-63.90358007019364
-172.40356703219035
-99.72438276044174
-134.24529569240076
-68.675557658294
-128.29858105964814
-58.84053232009691
-62.68743548952576
-91.9834960184095
-97.50926450457042
-83.03374603093556
-213.19088267217523
-82.06393294354928
-91.75064596776028
-28.131459604920423
-81.27545724942146
-202.67536439473344
-162.4549223886297
-95.35637808423975
-136.8430125284959
-83.85375556079677
-26.414909439393767
-126.65454668474871
-7.042041544275662
-50.43570900501503
-19.948599379946046
-80.52511784596209
-54.24101144443862
-52.735842972694975
-136.58458598329423
-51.32964298924494
-98.72623639364058
-65.84932830957506
-75.7960315420139
-90.07603075476155
-80.07419442007146
-171.09925772816229
-173.28944258312123
-45.80181354814431
-71.05092772730242
-97.63823830900031
-113.03653900258828
-44.1799246972986
-49.85175070907255
-51.93344491736272
-37.14959917859112
20.33905335925884
-168.99369410945744
-90.9963696537771
-98.81938955651039
-81.68953930699888
-52.799157617838745
-136.3509120342801
-69.14573732795087
-41.225633944097844
-63.92218863172479
-88.08287859170396
-78.71669170887154
-39.51572880308554
-53.3099603457523
-159.71389618478912
-21.283073877202696
-78.90834707343238
-101.97335778004675
-111.15152162773595
-196.72172080849683
-67.30329814673789
-160.29943435839013
-101.04433090214619
-53.77515605379446
-143.72384805118497
-77.39043262666813
-53.03850261537703
-54.12654728213349
-87.10692148675089
-24.860599459928494
-91.71555220652536
-139.7262793689395
-91.31432790457905
-75.42151861336404
-65.0254340815497
9.760673921200336
-118.96788024578746
-120.77991494168593
-26.767136682827456
-114.74575337045921
-50.316299114931965
-64.70033232595854
-30.198767286389796
-139.65539740135955
-44.60182548314738
-96.17765230264888
-35.58253401444358
-15.706328500714406
-141.6001257150116
-44.31322756953192
-62.84953998516359
-34.962486222942616
-64.65455344997648
-59.30624362877258
-60.64567578150465
-167.8992221353589
-63.514542343933186
-63.12389203006596
-75.36486958612649
-117.66665450121201
-37.03450334648225
-156.6251509951332
-19.995349436487956
-77.08975988376575
-23.49222599251894
-11.553511967279064
-100.36997574165207
21.93927459203003
-181.62399930654766
-31.699058421395677
-41.919287645526495
-58.48437033206963
-60.09417933128901
-27.193429670613455
-92.62821571045968
-21.886367681485638
-36.06344396720452
-59.632174496656404
-19.839396371078152
-45.7369184196179
-60.49857246511925
-64.17066242742354
-78.30404248600483
-149.31446455642498
-22.52943717099069
-10.446688665767255
-23.203457987826823
-74.74278518819774
-192.87409955918932
-41.780793437377646
-103.8649083985859
-65.85491646973861
-77.47146118849359
-0.2500133052164131
-49.128726765128846
16.435792876189808
-110.52768373836048
-77.13118430702633
-37.30714214293516
-46.61849711201924
-141.05691027099078
-115.65413705348094
-63.83961024748091
-47.13835448702549
18.153197032766556
-43.746495876777814
-42.26777983441267
-144.77153379815132
-41.329580710216675
-83.15930053767093
-19.16873441726051
0.30584114174523336
-127.52722467775556
-41.261357116675214
-83.04192920404182
19.057412462496245
-32.72817259965362
-31.78520982523756
-42.77373826927162
54.7890092528758
-63.007411117898556
28.473802856683733
-18.15163580001375
20.364747713812378
-6.609407269258284
0.7523871955095274
0.8584146459412665
-45.78739418431465
-90.46098674821837
-53.84467803690666
-33.22317597882895
-207.13884655999806
-23.02848471516299
-41.18422719644791
-61.065216482657625
-38.67255022824595
-17.657956357976076
-70.57794078136902
-42.35379567791624
-49.76094804619618
-38.33872023558598
-55.5816038003513
-12.804653379858138
4.683071676646904
-209.4777969440289
-10.646295805739939
-10.205202532499385
-25.89282176124368
17.259053362342755
-109.72919893908437
-14.47630891609046
15.689100686710859
-60.40157209231139
-120.88746392848947
-94.1413538576169
-14.87163014999264
-27.7021323554998
-53.1764512072817
-48.87892732769757
-61.15578443726075
-51.97313043087512
-10.33394400528411
-81.46807228516813
-13.55782538175572
-77.6990466871195
-63.00406773145471
-60.94906599222552
-29.306221200651436
-81.72619964270055
-32.532455170084575
-90.65350985995579
-124.66031732935029
-46.93458961643195
-92.49495039701002
-52.970993672705575
-146.3274726254962
-32.96755739297075
-9.022041590369753
-61.13302819064892
-42.11315733910735
16.246303939042605
29.918776656778334
-10.421453068169185
19.427184097966773
39.19557134412392
12.051640191134524
-49.354713323564155
-56.953847893856846
4.2454821210269955
-11.138443748094929
24.893141319870836
-23.34423606637982
2.1866405896548713
1.0529331581557846
31.349785393063513
-43.81585532963131
22.114391312732298
-19.098659197275936
-16.952020006183872
0.465269733994063
3.0014579164384827
-166.67463646934334
65.47243453936538
-287.4988116155123
-31.57874973154459
92.26802124068143
-21.944184709780956
-24.718704127239036
-43.69051973632229
4.246382284033842
-32.90262748127975
-18.657940915977207
67.37246398739732
-29.9657530698815
-135.00408569598727
-107.97436252188211
58.46669220087196
-0.8231455735609785
-78.3828516838843
45.75580440800114
-370.5443398498903
-134.6333512414958
-236.20645625912823
-396.2329594309785
-157.8523942021069
-44.295320220924424
-279.41484276668314
-181.3595321194959
-95.94071654593233
-6.991805780368679
-91.61074604303715
-287.2715240186061
-42.73596740682629
36.46861569000038
-107.21352171903008
-31.464690950753862
-72.81251472234639
-5.959174788591056
-100.58507320436686
-85.29215668282781
-172.28496978155522
21.22336431587169
-18.362434957110537
-29.44365654603763
-20.780389790661403
0.9370726348441849
-12.85360854912848
126.78069267427144
-33.301943842211585
60.14847886460399
1.8398008037120093
-106.64222619879713
21.267250745866605
52.78176790838154
22.167123342528072
0.39132040315273287
32.58257566508581
16.421171004631347
-137.09197668315332
20.784669371565187
-29.890722294897643
-7.102482703860758
-73.70887890948364
-30.189443006398577
-83.60979469912783
-41.40923773763973
-16.772502478712894
-35.1705604819671
8.714973043217412
14.909224155327777
58.00667872797311
19.87117706105832
151.31808572102503
-118.11559716053145
-14.74537164397502
46.53691895006497
7.9716532294150255
-71.40366004571096
-59.73319850205969
-8.430561369644792
-164.48321571632096
-49.293136987877034
-101.00062291155851
43.845053673218274
225.00876477186512
-110.49086444107476
147.30000292748332
-44.45590384058889
-157.44716387015302
-78.4258063382905
-157.6797666432015
-112.1430496787325
67.61768739219369
-201.0138472571013
-143.60801435950677
-121.60166678668007
-231.51064024515316
85.95594660256513
86.7952621318258
-117.21213206876908
36.96283867509857
-226.2616941736331
-87.47297185761147
16.08429769302917
37.242386753010464
59.221799935385015
104.53558929322485
31.56496617053526
-152.95261697727653
-87.34515748808961
-95.6043647215488
54.142143691009466
-3.35274301899112
-6.643540039599387
-17.319443417326198
-171.40716021967853
-81.58200374766022
85.82576092147207
-190.14186718624285
-180.05260378105118
-84.20256758574345
44.069376651650394
-111.07334019417455
-29.867629339082697
-125.27019294336085
23.53079596795496
-69.98874211025732
-121.68848975311535
9.394022714616057
-111.108337196144
-76.91055747544137
-120.70022970521111
38.43076588091815
-182.84795262990082
2.1536710877877994
-84.47195065369793
33.459188145770014
24.00036988596254
39.210474967418925
-21.122266321187396
79.9812179215374
60.627355349480325
-47.117670158104914
87.07013335790953
-27.350144962786672
-57.46335725764078
-11.363554329233807
-67.98659184744513
-51.78313725659069
-33.38679588080281
1.7311831520917487
-82.93628631206573
3.3780822410012092
51.905998909837635
14.942125837399828
43.35210506337904
82.77464232018069
-29.74845519172088
37.50529310623378
-21.73343185017542
30.45645446453446
-173.19848978368043
-59.40519812023756
-16.178922609271638
17.895205117022655
19.9246013404113
6.053836156817141
51.18743761233611
-45.065780581721015
20.632602255042045
-4.1600344835931224
-17.51555851755252
48.11406029433482
-2.218399669527713
17.55655565264412
18.44072291878544
29.821628857396092
-35.02506310784456
76.70683345370551
4.681633886243517
4.092056048203062
-84.56820930854775
6.453448046559444
-0.023827085351541655
67.48899793986027
-58.43066957738084
112.19023254292803
137.4983972759103
82.0951695948985
6.9685920920716455
4.481459467148397
52.013828897478874
67.68655024353484
-54.979720582520784
-56.36655788852566
-49.42434296206265
-4.080556784019251
-48.48493212066434
74.5266041259033
-22.72395709990319
-49.70248070466489
54.186371388234136
-29.640384115192155
118.04818048091583
49.304273377712235
239.09085165768184
95.59988797448418
31.099691875588576
-27.383466883252822
-155.07298879695657
149.0068603329413
112.52704691751468
23.099007805088007
79.25146706374584
-173.90858357261266
45.398857860286824
-13.424483917999794
-46.85879029512061
-33.47213683850218
-94.66096043875321
16.117289506995633
-46.06657301128361
28.496743081129523
-53.567132319753554
33.20094618362485
96.03101085208075
89.51598446564094
155.13008599349632
126.33128138535969
-47.69067626944198
6.894408621960238
-15.5362706226868
-37.520349959963255
93.50424604033334
-7.338198798538372
9.937340360320874
151.81432146288404
-99.87287878068675
-58.76458420217992
-28.82165784215917
117.41995048348502
-207.92041949465994
-111.50006398993176
84.23799660602953
15.753298787512733
-2.9877736791569873
72.98963803998758
-110.4196882565299
12.191252047233213
-51.018715158755285
81.86671240533853
-74.79358302473595
-200.17243376991362
-233.96557406245813
-583.9130893541573
1.5550199774255162
-4.218237345081604
-28.698535465030474
-63.877077003636295
101.63173054287799
90.16899079427698
56.633337926999445
124.69850481121702
109.41084815598252
95.13270343696226
109.29255636814045
-198.02909419459507
89.74187142051807
-235.05894668488062
209.35252584349053
122.35408123182813
-32.11574098306431
-49.205408986930465
-39.47608364012976
176.09967292742368
101.4881210539811
46.88328291813236
-147.62371653552475
-225.86846753306017
-223.35456001184647
140.76775371318107
156.914121790482
127.46394667475035
43.07069124301876
16.090046507849408
33.66767089464446
16.362948955303665
19.52070375257736
120.99185185553974
155.13654907508518
146.16804150710865
45.52094045413227
12.519167306625064
-17.539336056913697
167.6873496881056
17.731539496117648
40.81704958561937
81.4448229374375
57.75676152838173
120.37186335502224
3.0484228589749165
18.714341601803838
127.37517398134483
145.2711101068784
179.52083929064275
-180.37602091624507
5.624898491537266
129.9776947308054
-143.70073651774254
38.403103336723376
-32.15767711796633
159.30373395355213
46.20189131040084
21.326328257154216
-4.4060609206832595
22.8748814359692
38.23236578739869
14.865738190505951
10.180951963280137
13.532015319721935
19.4889404109489
167.73681056050674
-11.978965270138332
27.281842358290348
20.220715469027283
194.06448035284166
147.4532113008181
-11.983037708282083
147.1420447609651
-28.61073228584786
16.408225821305535
145.5635981621666
19.804845643116195
-8.303733278935965
126.91447228610625
-14.340933690331795
47.637909836712
113.41437576323999
195.07286221274327
0.504187762544646
65.75790605156905
30.244839590394605
186.93115835389682
54.63202225308103
159.81208980402644
215.49844339648686
-12.563061101151874
166.76137066691106
105.95008581984298
145.16629684222693
158.1309801885759
-1.8141596391276522
161.0083413240617
261.6212774830482
-18.39179728712945
146.8752430594886
170.29618123882196
117.9483715984827
-17.259883963674355
-215.29914339104315
91.34723783195624
-16.505430616887935
15.444444165075723
-41.08489270453002
-20.953624677103363
-56.19253430633984
-20.009686546318264
3.1681403573032867
-6.493109129341249
7.95865583680073
-16.84083121933061
2.792463534583206
-62.381811827650814
-21.88761598827213
14.168223756679197
4.982214044119132
26.602123585083177
-26.91144098202608
23.578709438541097
-20.80521247268362
-12.4090870616767
-35.541824235876334
-14.73302177205477
1.9988659465583112
5.799814848984582
5.860201911687895
25.161798470533483
14.244581445465158
-19.707325366516102
-3.2682431397470424
-55.626889040783915
-20.50071822800689
114.89436996150131
164.37461541761374
-45.599560290714976
49.86211459501189
21.120236365604825
93.78454313357388
-26.833580835617994
-41.72563665973051
-36.961163997021046
-35.98331834142182
0.6836416102319731
25.73542972482548
-66.91302857969382
193.65578716903931
132.01135576733904
-305.1508404315791
10.580520006419562
135.55586637800175
199.86732021711651
-44.507558919020596
4.755286702452082
-25.911144759425966
-191.6273823405329
40.70839497495061
37.354453017726655
-14.904724829129648
131.4204419598531
15.798161659882425
256.6468489482454
37.82023399147948
-182.55406101297996
110.04780828852012
-187.84581399187448
27.45968712719184
7.1956492443428175
12.526139106409417
-156.91011745835522
-2.0264081670041065
35.384317763020505
-10.811964525307872
26.037107870218748
-3.1255892325915227
128.30436927121733
31.212082973996218
19.224677545733343
16.799556390896043
-37.45182607709311
0.8862097186525517
3.249204955163023
25.012989154099387
9.995623081849573
-1.0373062059868658
-33.892486897752306
46.90678505248846
-4.719420392036838
12.164207359295716
-1.07975978689133
12.140482971599283
21.403915568597256
4.044195002730845
45.195007679497905
-140.46808936615622
48.24145671490638
59.22243779562589
222.965016373284
5.263596089976488
-15.844547691202052
22.148553080009208
-38.114873288188846
22.057603328166238
21.883782528642854
-35.97258419455011
44.33227469557022
123.28073280536059
26.15950574972203
4.180255938363487
-14.898692646461924
-15.636578730848328
3.244640669343994
34.298208461288795
20.431890429172967
114.57360510338214
179.73868420908434
200.30662002126533
8.593059887921882
26.07436345312958
-2.2582206114462906
30.8704919232336
154.15783469489654
3.671135239090674
264.7717935797323
3.364539830682787
20.01726971184462
251.91772065337003
22.188419103870302
171.17892919164393
26.501217378389057
9.414977835354009
29.29924763620366
-12.522148128982607
39.92228539951583
12.995280808883706
44.055972526637845
19.665190385720834
60.139807685879646
62.91707969933955
5.345233984686871
26.81107779452958
15.279753079532341
184.20370739441753
167.1816652425822
41.094361665067936
-6.076480591841502
29.086989376535087
246.38223580390888
289.86528148214813
169.8770880665426
46.27138867797112
23.715580206880816
23.942131716148367
229.55480277144
302.37782394148746
23.801558500092582
41.52404235063125
49.22336845857177
15.555760252943628
-3.8515343036223157
272.4237873432776
55.66863716436626
99.90492970059586
124.9206359146324
36.72391364486913
20.47999498610335
-67.59890770708756
116.72203646239275
213.5102533413247
273.05660445750743
26.283396195458465
234.25805634466377
35.72737084689739
255.95594715248112
-75.5744552645676
11.905104437442178
-57.73032112994387
-60.421786763663405
-8.600165892858005
168.35572208814384
-169.21678235763994
-107.93906830383601
-38.61390658582849
-98.2655761052167
-57.3170879780997
-289.3088400633005
49.10688721439735
-16.50591568986033
168.80759497784305
271.62564571881046
13.737688265723904
-169.98064468167087
183.80104206153527
184.57648928299085
89.67415147882944
263.9610799242798
5.227946182365102
314.7597107908658
6.027633523556688
-285.7987893143322
257.2135377893142
267.60274930158755
247.2197807891515
7.926529930497921
147.28855802954746
251.98578563483275
249.66108279056388
293.2696876801597
226.2488130921733
287.2609044209812
290.82919319277664
254.28424675600934
288.47201285297257
263.15225694702724
240.9162389178245
207.7996952670391
-22.77412895392156
191.80359411748157
220.39032965040803
133.16396037744033
33.77184857940398
219.54703156959118
233.04958456778283
257.3175669948382
143.4797467189358
237.00963692661404
298.0081742321182
239.81329140393552
244.1644720874026
225.57521835486244
252.9874711808629
268.4272659141826
300.70346897407387
267.1349098230447
237.71739498555925
273.9313187118787
261.799169763797
224.15352462330847
231.2205918946912
26.33174058477036
29.013810865524476
5.853070238920665
27.445680034648348
257.68430690025707
289.11429743332997
-16.915316111501454
281.43936839510064
281.90219010822767
-3.155824224042817
289.89785118073644
297.1988734340886
28.443996215983475
277.0057519579183
249.59459159488893
304.83851780600526
256.05983687219987
250.81391359265885
-5.153322585214283
281.55925689183687
264.2995770176829
268.9407674593384
68.65428694632902
253.0741156629906
242.0430526698347
43.16246457809302
254.22367002431037
-144.2900557980979
-149.52605730485777
11.919417991086732
240.11162066474873
287.9019653540747
179.27398006806902
242.17210916138632
206.74438468124498
275.5319264011887
68.57809600403306
-9.98919258385098
287.4254248121771
266.0496656437698
11.54885047720198
278.7454603027919
255.19242019920057
254.1028580456779
255.17498112878303
268.00612898396554
263.7389978046219
263.6398001411601
317.4284866482479
-0.6573764935107818
240.17452760899474
251.3562511979631
109.7113485721112
237.75052963540202
53.58839486448875
296.95189281000273
251.17337887402897
260.3518204093321
41.008640507964486
314.93297233881003
318.4761454350014
23.415579456783703
261.411683980742
254.87951464088306
28.736193823522598
258.89454014630246
298.5305990968639
248.34930528186263
271.45604337831287
259.1160299101101
245.31781359715177
15.336548855033016
289.77590488600697
280.49616540943344
225.08726011371084
-110.96956610102716
222.34873015689473
264.15210086696686
260.26834641458044
224.48554443006475
32.90906603109951
227.5521010965036
255.59395040036617
259.1421328469781
226.93893207010785
228.5329539290634
5.595475335629345
217.1262808602846
257.516531773455
34.58740667833712
278.28350448428205
249.73287680406636
267.0940159018551
245.81933231087513
267.7112337006147
246.4570859391504
240.0913907204199
251.75163385988384
263.2728849374073
280.4578164913617
280.89047751257567
26.57995301581883
205.92783534214595
1.6791319322876888
34.73656312718276
310.4444242067416
-55.252945854535696
256.6011123286895
246.97597577482492
287.49199230352104
257.88215064590895
260.9588324833361
251.4965827372107
254.54175715549349
273.8800100605587
176.89670082640743
231.79511346202293
247.45735895433023
261.9352541139251
279.30896448378803
253.03853177717343
252.22875367542824
270.5898753166023
22.397050316371235
276.9576512142321
247.86628890221516
26.085530510826487
256.1553970991862
295.2354328008514
294.2878741678352
232.13603668192343
279.04546618013273
19.76753547974522
288.55111601994867
272.5587957773911
242.97218262290156
-6.581090627927352
40.230095734444944
-143.72569133863198
268.39394410797524
34.34947785186091
193.1245452421418
273.13783091956765
281.48347125178043
63.45637801083336
1.9555948077766487
249.51458994027843
257.57531711520573
293.9824331774321
261.606618545449
262.0649027385842
260.3325380438049
234.4327190233877
242.0110910115728
242.77933421944613
250.63939246200536
270.9740442952752
230.0575623497162
272.24561146717366
278.2826956128573
254.6574535910894
22.71838702753142
265.767537355262
31.418333745133964
38.331360387720224
258.06176246243695
-24.581324068542997
270.3542150634622
249.7501442906329
185.06079628577965
27.284603650838832
244.17922790771476
279.45023705644564
275.1022747645185
286.3752509977308
297.3833998494065
243.46671610366934
286.6948497456324
-31.3862894398424
259.2725872361717
257.83481187180837
250.2608960727012
256.0619414261798
261.9609070156485
220.36551017243204
243.63133744165077
288.2175518021064
48.15945020468959
286.09505973356215
242.24443153081344
294.0626050766464
292.52097087451733
275.6716627822518
287.74953034179936
277.8474183926892
259.3578764514308
250.82638239983788
250.48098477067265
47.03047208505632
251.29460344381314
36.86365662188902
244.21041224085087
278.33408654320965
247.56422734578368
259.7301196283254
245.58761063593138
37.233608343062656
239.82331156681693
299.2368249849278
263.586998466297
219.7816007351547
266.695177749185
259.44041063291115
289.6887640417432
260.4283640880095
248.50731615652384
258.816726767021
237.84902797454714
269.6352508680965
253.20536870921444
270.9621936100399
242.82607393521485
217.6840405325426
2.8324095152843114
266.16867334405055
253.36071522698032
283.787894838494
255.64848763108887
275.83318097060504
225.486496673575
205.7906786335852
230.63328149288608
174.44459475689496
243.43175223713268
273.25720595290807
277.1774413096566
268.13406444706663
242.73419128233326
246.8788524634402
220.60005566967897
217.79074418486684
214.1840617997521
215.31850748319573
244.1751245367334
216.90594411465446
222.4049485897803
242.27399968027873
244.6090724500064
230.10019278850044
247.7977314465747
178.25580217838052
237.59461531459092
249.99088023541563
-81.70638656578143
251.2216062910354
245.14454041723357
276.6901030490808
259.16700175421704
254.98695124126164
287.70097425778033
211.40281192815854
39.377324913448035
292.42783447411546
263.44809421653645
2.1353355490317085
286.95180012941313
260.097459269296
286.58994841071916
266.2827744809758
-1.0128595827868878
251.4966540076551
274.66077087943745
280.7041740078988
272.6795360786713
234.27304072588447
216.84256346097368
278.5527809806813
222.3145888860219
252.10418519930485
249.66597448201563
234.1537211114898
286.0668241687056
253.4887385497912
264.62410688874354
251.2402888166611
273.81569324524423
