251.72838175024927
221.23607006369272
250.73489642780982
237.48735662678402
200.39291796655715
-31.53928140836797
221.67684033249478
195.23555792451148
198.11150112679422
207.3535723761114
-20.91632128212737
181.68045562107474
189.97883399315634
244.0126473351331
210.2058299168248
131.80290251655165
206.25429588658216
168.56734296671175
204.75617082156663
-56.66452456422629
97.42643317973109
189.51253962929047
251.09371703152487
112.9585461925388
129.30062275230642
188.11560051889978
184.57630536869732
292.2001541375074
178.22032296978534
-37.754080375536525
170.86779436309337
202.95294279789238
219.82137363651356
18.184721444342788
176.2425384780613
8.585767498516233
212.09298832664734
-1.2052006470640078
-41.403313931171446
-31.607327106811844
-102.51114814118068
-115.0456249947433
-389.8375215996887
-455.21292137954634
-563.31404552248
-399.46192858582174
-360.4697622699544
-386.5173126386477
-493.01648694750816
-687.7858855789119
-796.7348220936923
-892.4041055886155
-434.1249814515552
-998.7216921366576
-627.184757087583
-636.8452960015886
-1818.3417086037625
-1822.2985127055188
-576.8297206347836
-612.3779223561897
-473.1938654986584
-684.975312046481
-777.9813361722903
-404.98979247032156
-963.399440677292
-648.6878774136744
-647.8818079984006
-584.5983376589301
-576.1666769325204
-603.2908268635535
-577.687515785487
-432.25557316722234
-580.208566033911
-568.034432606484
-632.8190023841352
-603.5501052674417
-852.5364196232416
-624.4357872034456
-763.6431173793985
-645.8055210934286
-677.7298200658677
-631.5303735656314
-674.4968413866122
-586.6405271868136
-528.5371137836718
-433.1966508700659
-462.40189218270365
-542.347729748333
-786.3687686341706
-399.8222554094408
-507.75749052728304
-493.9023808999657
-649.8468035895717
-1121.2325133813465
-699.4643184171265
-569.015640858551
-603.0435314784039
-2193.3364479349166
-648.2890456465458
-582.7595012866922
-488.43693397933595
-763.1969986162618
-570.723204573509
-1107.4855666213648
-632.5385503351644
-479.0776875469257
-450.6269932879939
-512.4542540023332
-629.6115247433762
-594.8905608227857
-966.6654339878952
-648.0099976366292
-421.17813472224015
-1157.447002806812
-754.6905860514356
-741.7633689416057
-442.9981603551419
-1473.412866152607
-623.8324876256692
-609.1054339909406
-4174.6686188111835
-687.3854304306145
-1096.555593723886
-547.538994822263
-726.6265616988512
-410.65073265972495
-1171.5065105887331
-460.8213534974391
-977.6095678919901
-1209.2726407064772
-874.344745598335
-544.8455471172647
-563.4188062027424
-632.7077781482473
-2817.6291413772233
-465.86217206854633
-637.0620836464248
-674.3112434881025
-1408.4266666831872
-1876.8907110000064
-478.6883210731507
-534.3530815722702
-814.9516422567616
-1205.7628770731671
-673.8849926375577
-928.7160590108496
-591.3900794459466
-595.3782391812928
-876.4490587757108
-469.6562299278569
-594.3612539056696
-389.81134443552736
-799.3038882540052
-644.0275123021971
-547.2473653686081
-775.6189550661494
-1112.8360181841344
-1194.98772402272
-572.3292274138041
-489.65000296925473
-975.6255975127577
-1051.7025142587986
-558.1048514213585
-1270.9426926412023
-690.4897266054206
-1061.7522819148016
-857.4709656455059
-692.788393604445
-513.1928987777685
-2704.5182413847915
-541.2534575090722
-516.1215362258054
-562.3734998979867
-418.50426074995715
-772.6979180103344
-639.3840861618926
-513.230878311208
-504.3716609300054
-744.5845963478317
-510.69594865456696
-1677.8350067579784
-592.7993042130711
-518.7341144504535
-4546.41411587747
-900.102030041585
-433.35640434663566
-473.1845239361761
-673.3847356429499
-700.4785162143198
-850.9606963437168
-654.6116239699616
-711.3003016559833
-928.4928192139447
-700.3110115978003
-628.3884948159744
-1209.5784186747974
-677.8067977527742
-1517.763861214968
-1316.6466791625694
-1086.1978166755673
-649.3127145782098
-621.2525273490726
-806.3037310078254
-503.98634439893317
-864.2454071380172
-1531.6474772301501
-597.8488004550892
-543.9147767527651
-1371.8447180802586
-583.56986105645
-378.45440828824024
-506.76716806091184
-607.0507926401489
-465.84424782674176
-406.37965337703105
-649.6087913888757
-518.4200854410257
-630.5696657363961
-1467.6337307508682
-1770.0424275433475
-1125.9613686572561
-1562.5968682577159
-1156.0040532765038
-479.9461548384665
-521.4139983218632
-697.7798512896447
-426.0814749876625
-623.3705488662998
-1146.0859549017396
-775.4624188477437
-883.2691373561511
-486.1118013303286
-515.0738141103742
-4949.332710233254
-1715.8785228873628
-608.409329610259
-1404.497270600466
-736.7357509558011
-660.1644593942716
-560.279659543138
-495.18016628663776
-486.4622430360047
-2106.4102441910395
-1131.0740999049722
-1483.0756962391024
-518.5887604432457
-1371.0646254432415
-666.6495381169822
-530.3634862425017
-880.4006489193129
-1003.4258075198131
-816.9179646827
-572.7305084268826
-1143.327698603696
-585.8654839050259
-586.005664040062
-2449.2599846203693
-495.21622708363316
-556.1075805332198
-926.1916121759862
-465.63476099258446
-2387.5053786842864
-850.7207331963338
-1666.6195468303263
-1397.4823215249685
-498.7397430554442
-606.3744444197695
-649.2386167741244
-3279.033070013571
-1074.7881778231358
-826.8763564056238
-502.6939214412747
-1125.6885084161925
-790.7592110609297
-518.6181342778424
-1389.4032840330083
-705.1043538788954
-611.1426228949736
-668.5665368395975
-425.2639126950925
-571.2712533343915
-631.3090564363391
-2571.6113146240546
-504.302844048162
-662.6600690786275
-1258.8341766652875
-621.0817745870188
-439.41467551940906
-419.4537752974409
-2593.7030625310153
-688.4670449837273
-1542.271615359604
-537.9500687457844
-878.5437127665925
-974.5856479146557
-1090.5518667611557
-426.34679038588496
-839.5211420725828
-539.1252433863428
-2029.9323964527825
-611.5742031032652
-400.6264063692028
-828.8476245477813
-670.2729107371733
-1024.0025748522276
-645.1291559228375
-585.3193144647116
-789.5168934480618
-388.7383054428229
-642.3034291905213
-615.6043751382294
-576.2552403420087
-618.6268609086467
-515.8890594493154
-379.95815985085494
-2046.154832043949
-1076.5148820950383
-839.8802489762993
-700.136198661362
-1517.4926916572938
-749.3444804028512
-2290.168027403164
-406.5064726279901
-1066.5048618073358
-1566.2751924701524
-1376.7454204254784
-1540.4821716281094
-498.85529243370917
-1303.5664880561087
-807.666372504623
-966.568952550394
-1294.4297334212797
-548.0823677727501
-595.8618400306274
-1953.4051243894858
-705.157389997324
-876.3516754194438
-469.56116227599915
-455.3116756766387
-591.7491494678343
-482.179366868918
-524.5073157063432
-700.8780190534281
-495.81912438377105
-594.4420583006133
-480.0767495467682
-487.21964446227213
-631.7437671435533
-484.0573422125087
-777.3183036663874
-426.47394461488966
-498.0687981461456
-446.7225591586379
-786.3888546721854
-433.3842027555709
-985.9745749130268
-526.5627837158845
-506.53552629561256
-688.6120713868319
-443.1409678244865
-440.19992378433415
-857.539309611885
-481.2526848675388
-690.4457039073623
-966.2750957278998
-617.0755511663292
-566.8508173143766
-619.4547865131776
-1573.476861616849
-1114.7364123856946
-2187.048509750458
-673.4307231593681
-481.03285603275356
-607.9559661734211
-1134.3091628532288
-535.428479319932
-512.6769745207328
-1366.8914711937869
-560.9112482456865
-419.7226040859969
-1122.7819971175545
-535.4761472656937
-651.0703110230197
-448.2886046243577
-1564.6503253835476
-523.9688355544669
-1104.6230429252782
-765.1766051802042
-917.7966952457558
-507.02143565990843
-630.9065620424028
-475.6473345969418
-1120.5015933029918
-724.3020497484534
-976.9427520646951
-426.55067537295474
-442.4741375455409
-381.6154975214492
-568.7637030469916
-815.5832946767945
-606.893667991638
-473.46943107802855
-333.7787559024779
-599.7800717198381
-647.9107304024209
-961.8237399123776
-479.9085577723775
-486.41959262992947
-838.5670702898843
-647.4295154360847
-1212.0094116801288
-499.456535184176
-556.6695184370369
-602.4935231748057
-1197.0768864380434
-660.7198416949176
-654.3250006291062
-452.71034023264065
-620.2650242206503
-479.3865544851111
-919.1573695608206
-525.8481369317004
-644.9602989412496
-724.4020136482684
-621.2772483185651
-440.4160184563765
-474.9154897312959
-1213.6610901545512
-1101.6582717475399
-608.0319661708891
-480.21892361289815
-841.0405983358996
-940.1422297441885
-423.5021595356625
-1143.530226016444
-832.853486031346
-658.4106671245584
-649.4588965562336
-2140.1449135232724
-650.7862263391254
-668.8786143279748
-471.068181337308
-570.4725539820637
-827.9677063084936
-893.3792978607131
-583.3971033742719
-686.5836866186046
-485.0028415515827
-980.3791498657155
-757.4040769534332
-651.2361411501525
-471.58887543053095
-1163.2297180042517
-1015.0715597925699
-1271.628723654006
-1263.8727625004951
-409.7101914241594
-465.4008382268393
-949.5068616966422
-480.8269577123084
-565.9425304321214
-1460.13946900578
-929.4974943564289
-650.3956202456659
-717.7655580557351
-549.5876146055214
-1546.853718513655
-857.4641650925216
-726.8466973583465
-815.6453708431371
-684.3762711747772
-651.5288209602082
-757.0871379502001
-585.1910128120239
-559.2033514869516
-1662.8807075631178
-688.7640999743022
-412.2735017471288
-581.5374101758825
-940.5223530270683
-909.8577319142858
-464.2838762046594
-1000.8137147782625
-489.965658298235
-742.5790889270155
-519.4815020261155
-794.7565720579589
-1236.1787684366363
-2487.2339834076133
-812.7405077941262
-536.2272711483389
-553.9050516313911
-524.5336195539144
-1174.7914736318303
-836.5731931469828
-497.7739035803105
-673.5663131738711
-371.6452435100547
-553.4436747168311
-561.6967944223172
-734.4100165102475
-560.3669083003432
-623.3269732853158
-586.6376774755458
-603.5933931083894
-480.5199086133478
-578.833432013964
-542.8858843531254
-918.1430132696714
-1158.2662371940664
-1143.0891225836833
-518.2225376493566
-599.9984699277793
-607.282586827155
-414.34036177606396
-411.641555914354
-537.9509405335259
-792.5454547920799
-853.2590732215916
-510.73767745337915
-597.340033957722
-2952.5218819029787
-720.9950502268834
-596.8455945606258
-1364.3782536126491
-791.8784508093372
-501.55347416876646
-466.8605413403914
-624.4345077848434
-3022.8755124536037
-375.16176093595254
-738.8558305407828
-489.19640264866575
-482.47539152343023
-894.6076127753066
-699.4668569059747
-670.3797347393094
-896.3891350201643
-544.7578036792743
-586.2518284196625
-538.5609336161083
-1181.2748137915466
-798.5013692641284
-1730.2739927257048
-1148.4225915607624
-1789.944575504515
-761.6329162412842
-858.3801644171158
-582.1570628159175
-812.0377074684583
-754.1270426592054
-1160.515150236917
-540.4070718428952
-408.151861626651
-1251.8366465481226
-2201.7351239194827
-1135.3472454221862
-346.81840627510485
-445.26956165622244
-1528.0872635157202
-835.818407505077
-954.3022752384708
-736.0580423772799
-613.8207678257776
-807.0002661804243
-965.5943658102296
-451.58301991989606
-482.1141995117468
-487.1576931147973
-928.5017779217841
-501.23741240035724
-838.1223567229428
-468.8537850615468
-647.788878531848
-537.0722295232899
-1534.0520122084283
-830.5273409581453
-493.16310710599254
-549.9946674671189
-578.46096837556
-1621.6325178850789
-688.1017947859947
-584.1600228076024
-1607.9486583748171
-738.1770510935946
-645.1628234731079
-645.8733516228287
-1112.7335236162785
-1324.578444532454
-629.363334148182
-1439.8690675507282
-1261.6139830638094
-439.9977394020462
-563.8981211147277
-856.861426796777
-522.3202269763349
-1452.9777006473862
-411.72372371654455
-598.8455625607833
-504.5972843363028
-433.4718760996921
-542.6232803943103
-1056.2255490013436
-599.0250599162848
-612.4801316326417
-1937.0562207476924
-732.0500880944602
-673.78043553479
-642.6572380942958
-519.1629812698122
-720.4662928090978
-546.2684572878877
-742.2844122470689
-750.8087588891248
-581.8251798999418
-445.93855682599406
-463.48058952765365
-457.44230623264224
-694.7603618439839
-1068.6396085272868
-637.8406910193343
-1099.3162225742258
-683.0600337662041
-577.5159080429826
-697.6260605539932
-599.0757773058125
-1039.4363607399073
-1180.4547749255923
-511.9605035080902
-681.4281660757508
-658.8060756141494
-518.6931771709858
-1821.2602832761888
-721.702643040099
-2329.070860123594
-643.8846356086556
-636.7202638333109
-716.2033682972635
-503.1458045573587
-702.2376178335456
-987.6472171985029
-742.9634476543507
-1796.2851192158278
-579.9989122947529
-512.6007306534541
-830.7493387935572
-453.83793828369016
-1238.883067908538
-489.50274395029675
-1470.5808128771707
-700.56912126614
-489.1740428516198
-1184.192813008002
-550.330338152279
-699.4611809427539
-650.6754825128094
-1400.6253687784401
-542.8712484776404
-921.596894116532
-755.2625313811543
-715.6893021580457
-604.9733378761224
-525.459277265426
-876.4336488071939
-686.6149652573846
-599.7533841009782
-371.6174206227625
-1117.8617481597762
-902.6681596864402
-1871.6031710357984
-692.3990620045705
-972.6921335930326
-580.7923661182115
-760.9615769788672
-1016.6107295861474
-603.4230806119483
-595.5005827309824
-751.4319462065812
-651.5041712265873
-868.59127884023
-1521.0241414835782
-511.0832496464585
-544.2523482288012
-1581.6284163738414
-526.503584623589
-1346.52191298352
-567.6996688478143
-639.0001948273992
-1594.2442022507976
-648.5610457835352
-774.4071642759151
-692.3660156650211
-1389.2026171299688
-527.1508494162725
-455.3630047959536
-643.4821194886727
-538.4853319638133
-613.6550986533728
-511.4442768777953
-602.529546023052
-585.4954729357721
-546.1878115671441
-1633.2852971897528
-874.665996160948
-661.072552288599
-551.0939216167783
-569.140686718014
-816.250369554789
-723.7430529886196
-783.0862182068117
-660.1065718905818
-606.4652260876373
-909.4293672856021
-1007.5648051366818
-2218.956409889592
-2507.263514565008
-690.1349731891767
-874.3994639559651
-1548.0749094521752
-1473.0848986651383
-738.9948487971444
-2335.069447390317
-439.92384241004675
-695.5911462338663
-511.8270763966195
-491.87364436749687
-507.69758834698825
-737.7763245887464
-2169.5888639608797
-507.3674871272564
-951.0113147247299
-787.2063740489184
-546.1979536875978
-1875.4292974896698
-1040.4537893536224
-714.4257113435774
-519.9982164784955
-1704.104085997086
-688.3739633027734
-859.6876401154758
-632.1565953787231
-357.15451105581053
-559.0174528947286
-1049.8993026412047
-623.2727092301691
-551.6703844248641
-818.0928271321656
-444.7235971526718
-436.23522876845266
-503.38391016848726
-451.2874089528001
-1208.5267413234071
-565.2187505459367
-659.1886543862485
-672.072176396936
-698.0566021865437
-531.5887787096322
-370.55950017432866
-964.6540659422957
-1387.227346154155
-1098.1401196284378
-2032.8046396624013
-1053.0138951491122
-673.067235220971
-775.7641849146644
-1181.9309724666055
-441.63397669330504
-1076.1757167619708
-706.4257368186965
-2963.457813289817
-581.2024325350785
-1639.1001502375495
-2720.010318400717
-739.1045623947599
-957.6910448311011
-609.1430508930722
-671.3253149588594
-467.0134100147206
-2635.7016595828586
-543.4942075537163
-693.5067608332268
-759.3079366461628
-498.0417692883187
-1037.7925775380916
-1119.1732270815378
-1091.788363221496
-2034.8808342776267
-491.07549918364344
-500.18181929081504
-1280.1439911832508
-1483.7660298593385
-1259.288202246421
-790.2637186197637
-439.6558234232018
-563.7978572752543
-533.8152649746517
-554.7798939947447
-703.863253910115
-917.0916978916964
-538.0754474906188
-1047.9919259550802
-1001.8397815046264
-540.9515688536978
-604.0245395671834
-2505.098291389766
-625.0710601409277
-522.1288423881936
-653.4976554338859
-2553.7940895783827
-665.0713107327019
-605.1260836518392
-583.0269470798692
-659.8537578842953
-622.6674146168757
-575.0600084114421
-441.12321001765173
-888.7653511483628
-2052.422827024293
-963.6549351612983
-555.0531034763258
-506.40015532023864
-2677.3536436339855
-691.789133462327
-659.4004744110011
-542.826035337762
-414.2899070041633
-610.7328981814615
-1357.62932314239
-509.0936788228777
-523.7888681534537
-554.352189963821
-456.7739050454214
-907.7568575224078
-436.74244302861
-481.59188498242725
-1635.410193871465
-575.0265502307791
-843.6227532906277
-522.3894475028629
-1099.274897346138
-3751.1718770138805
-1080.9746611729138
-650.9169445651567
-528.5191545577078
-721.9212223161827
-618.0761235363352
-565.6825114290833
-1204.4348350597702
-2142.4077396533503
-1345.9199063867582
-658.7257804395521
-448.18883378664606
-762.1685943026864
-514.596435303192
-1104.5079694811425
-915.2194184633271
-648.2147616054621
-983.3697602768468
-471.53090638838546
-949.679537482
-547.2874607410092
-388.49502059590054
-443.736837766517
-465.98985376990373
-2342.79522863775
-1100.2024900890108
-721.798242470607
-572.9609348569005
-646.5149318314214
-1453.3633128941497
-512.6423548140527
-2304.9738187744583
-1463.6508453902547
-380.868644694122
-554.7951919504989
-5905.71278237948
-531.8090447827885
-830.7416511862634
-495.9677892334119
-738.2916785255405
-640.7212014021693
-731.9963906421591
-434.8199091110924
-628.9537216597428
-886.3447531627891
-644.2128153468918
-418.25935025057254
-471.6945223520542
-822.7570196708925
-585.4852310657401
-565.3097355114214
-721.7782764525808
-579.2732087443978
-598.3037274790915
-1040.1753878079621
-1000.0318012400584
-1479.1057624526534
-1035.3312799864875
-550.3496650695117
-490.1305479587947
-828.0800155771113
-1680.2493490361842
-3145.6895222688263
-612.4978815223402
-657.6033831853342
-408.34617112765886
-1043.3078929927756
-619.6713047955865
-658.1810830456145
-688.3647271862133
-515.5781217538472
-1055.13101508352
-471.362476682945
-570.8794810203676
-1422.6792593346145
-581.6679205031542
-740.1192881210801
-606.3584886223948
-750.0208332337023
-482.9940990088772
-716.678808437333
-495.6379969556443
-970.5230397313197
-412.9467329239269
-510.6272982004173
-1302.8634543071562
-430.5004621852824
-668.7294656130068
-558.3582739451124
-541.1563017362291
-836.5157948403894
-554.1313773748761
-495.14862720218156
-425.11365850031467
-1284.3857833432935
-559.6858232778935
-697.4242054501285
-796.1868277987428
-416.5854817099958
-864.7514105846344
-802.7401174018676
-350.1345028929045
-1074.4789635444129
-808.7947922364215
-632.8533442873203
-649.5303589152852
-468.747242472362
-626.8359976051423
-568.7096479939457
-806.4902307004218
-438.28792252366867
-594.1268520820324
-743.7208249330974
-566.0335930044425
-700.4552934712145
-633.7018229042149
-787.0518974188459
-420.5427927573627
-763.878992756548
-560.9238405746603
-843.1700327521081
-503.8571226479466
-496.36851502207617
-702.3733569887894
-857.2823409765293
-618.1602180937908
-762.1372076507067
-597.620400674123
-1302.4027122061632
-692.276330573182
-636.1266456477937
-680.4000043447228
-657.6985362816976
-462.9417085119093
-629.5587655502337
-502.37666039101555
-454.1006895341172
-820.1084475149698
-598.476717540291
-483.57431370294154
-592.4910180213578
-1667.0129241657648
-586.2321641328388
-640.4644610913863
-1421.2638806701502
-500.1177204455052
-455.53132820377766
-835.197265740416
-1368.5127077483473
-585.5684172199287
-1158.0792403983535
-2134.859244649084
-546.5846831167091
-583.7497293514463
-1006.5315529920999
-1140.9371745676785
-302.40517980596337
-770.0895595047433
-796.0633426872793
-670.8774991431608
-409.1775995792958
-390.0797238405577
-1421.2540178057013
-633.1118571097766
-1711.885222285403
-562.049395552893
-681.9706204555858
-1243.678507570722
-730.0497144538787
-604.8956792939465
-655.164072074715
-2589.8600333460226
-687.9016908805016
-513.9593623954975
-563.9812352067296
-886.5094639607087
-468.0941069528892
-889.1192104640706
-605.6243994797533
-794.5675258220269
-1324.8297231802771
-933.1238621115065
-755.7705754194477
-744.018229913263
-562.0233143435614
-546.3462953701433
-544.1872278860208
-496.5138368070367
-502.9903016321792
-1725.2065725574712
-576.9786071438721
-860.2048779072752
-1803.663855754262
-707.6908860791827
-555.8358022581976
-645.0184500563843
-973.2035780263914
-591.1034726543987
-1518.8637552940936
-624.5126067607385
-607.6693198362568
-503.282585837965
-3819.597179561793
-1523.3018382474793
-504.25219101206324
-471.0638354736174
-452.8881705406896
-1013.8090447326701
-697.3911681792335
-622.993340941383
-679.0232179372317
-829.320291833509
-1844.7434916358554
-407.7000278017643
-592.414459488026
-493.7757499787213
-2024.008732008228
-1303.526734698669
-656.6975704100516
-2063.7953442787975
-802.9882789457765
-670.6904962241434
-695.4837777683056
-559.5329443245007
-719.5285125195991
-476.63150003516694
-634.7004167960458
-1262.0015196001896
-465.3661544395691
-706.3309832494654
-440.5016264668259
-500.3323679208215
-927.903031134154
-906.5331092074078
-851.1844771697878
-2143.2716654741444
-1020.6442673163588
-1505.7771008218645
-484.6973008202057
-743.9216274755089
-713.8589754598896
-507.94549209290324
-1150.1005920984555
-417.27597165659137
-1459.537412360581
-609.0817764789747
-1117.2757615435096
-1698.8457029596889
-573.5408167982091
-745.6301272467866
-664.6021033296771
-721.7033485538205
-597.7100077576492
-467.25125611009275
-724.6346582974433
-503.3016080193241
-621.5639498332956
-666.8865384878865
-668.8035332112439
-626.5812584098904
-1259.9204571924001
-643.8467064788969
-774.0218723265784
-582.0845610444678
-679.9563307763142
-587.5062016721654
-1059.3995110426195
-926.0149790434314
-510.50543464520075
-487.4158905826866
-582.0134076866907
-570.9367556036331
-743.2853481756816
-627.395382673124
-875.7147109600935
-693.3929693664436
-565.0897831435143
-503.4643681817891
-704.8180615264013
-645.4029858579354
-555.5452509864165
-820.7210020713428
-622.9832584688269
-453.03731081998575
-1381.074997403187
-620.2792695547058
-776.9152173294775
-710.7235200253351
-611.7514913889322
-1339.5510283225753
-689.1943918592602
-456.69517163496914
-515.8845154417825
-631.6296759803217
-1516.0002402479504
-1017.5559965524005
-579.7075740657028
-451.47640610047586
-587.9318077028915
-726.3022576098139
-576.5909057867025
-578.5317533082749
-478.3481343378972
-383.87498868119735
-2261.5984971971056
-558.202792666348
-959.4824236049953
-781.2522795592636
-744.3111868297825
-833.3288602667677
-1275.5291219094347
-949.5330915176714
-1649.487429435608
-615.8402227520838
-443.52702175524735
-716.5255218840235
-781.5349510810802
-1116.9359686582734
-461.59262736120206
-597.2933623736774
-411.3144033347386
-622.2237705549916
-1083.9241724243147
-765.1087542358647
-1839.1755019578427
-456.06882235568384
-542.4427014690941
-465.22032474485087
-846.0692951541163
-515.3799708537601
-667.7770116497429
-501.3226980913917
-785.4314121318343
-730.068061726301
-694.0485013651219
-1088.7288873186676
-564.2854207271681
-404.6713561859677
-939.6723976107098
-1361.9333276476905
-811.6726690078516
-942.1502788801142
-552.2799457373189
-1132.6079549777699
-494.75813672905747
-956.7870566325652
-645.6495433667718
-1584.9074780763167
-561.3886508442504
-673.8224814494233
-770.4930216627524
-819.7658608364387
-597.5562127446747
-779.6917652872495
-438.4865896497707
-1235.5310212276233
-1077.5562146902405
-585.8309843644881
-746.3303635325655
-594.7823307042809
-898.2033488068524
-652.3381277513946
-439.1365818418506
-977.3879428033378
-684.546020878304
-640.519340364879
-576.1579202160655
-546.7990008712
-1227.8009923933346
-1305.233210297545
-661.6170933877199
-611.646305605661
-564.2169417054802
-1085.1631322053581
-652.293261672492
-582.1525283669619
-566.7831115574596
-915.3086759467997
-478.6778923924383
-1312.0642945046432
-781.9560364133823
-1447.3871379340096
-421.6380302591059
-773.5519521342326
-563.5341718431312
-457.82241716552653
-485.78676902972376
-416.0157346675598
-1220.265171439258
-789.1893018397268
-469.13018222793056
-532.0134344365524
-1053.5392167530003
-1016.7306308717255
-574.5460021410156
-791.6190167475587
-670.7129733979336
-626.1636347734539
-1154.1197285700478
-576.4338876000081
-473.26001938648045
-987.2437560148545
-630.8243074019762
-486.29423402805014
-564.9132009028867
-2207.8451369618674
-516.5763811811155
-684.1323683146102
-1090.3369083186801
-1374.7627272109148
-981.5255707830656
-669.4976655179405
-687.8029216038304
-582.7880545279794
-670.4354705952801
-546.1318609694731
-1400.5392731227664
-716.3557888671801
-855.1706746109282
-723.9362714172191
-668.7385491240398
-3866.854418144556
-402.5487928026432
-573.3516903039324
-499.98960601069035
-475.45992592950137
-533.2990566516908
-584.9052605496432
-1250.4102912534408
-1880.852506502696
-539.8642511291046
-851.3187839851165
-381.18639544943306
-1814.1652169675797
-5402.078309182771
-708.5187673006028
-895.2775576094862
-1229.1155564347064
-531.2290740488247
-1704.5022322237078
-513.755219558406
-654.6686914585746
-713.1705509025437
-619.8893824655026
-553.9495721596572
-581.9727430221635
-581.1653778457658
-909.89419802793
-381.7552164156541
-794.1338230399192
-676.2554440129607
-1512.1374138737283
-925.1266087095552
-415.5489595009082
-476.92634756842494
-641.2204110100789
-608.0376260987082
-615.9156279786008
-692.865513593152
-1334.2354553328007
-554.4357254505246
-515.2193887073643
-418.89721335027514
-748.8258229890868
-511.6032469641781
-2199.7344875239805
-560.1430686258275
-531.3401945795013
-3154.469939582579
-545.6225026797702
-598.8057768832077
-672.8503083721253
-480.2451481389319
-495.2359373724559
-879.9654990436482
-919.0005289873012
-478.8740913056255
-658.3155960831114
-647.4008398000595
-677.8087607742544
-954.4811711134643
-633.4103681014053
-1356.5663855969142
-658.4545209981787
-698.404315663484
-779.0958182139666
-599.5918497259402
-536.6202062889247
-536.0446961452142
-599.107456435522
-1173.3903739182074
-635.3723617922834
-1126.3525066630036
-605.8730397386477
-1175.6193198276733
-1130.5170109041733
-1940.8214976868633
-594.3338787315929
-668.1129170786221
-1196.7525983925648
-508.4965415134656
-1557.1677595163183
-657.4932515765947
-449.19902808229574
-560.9919972137128
-451.6143843817163
-602.2878151388511
-575.1685139702375
-783.6827904913611
-618.3653483090135
-418.49907890355126
-1214.5140027154298
-672.5904795855184
-1577.4120695441736
-672.2690120661729
-1789.1402193089739
-595.205381966603
-541.3880176793841
-1473.704002613597
-4200.734702261584
-843.5403707429406
-488.56834414177774
-1445.003266744631
-1014.7086712186273
-536.2784749771831
-901.0300650293287
-815.9965098473656
-1106.1263792714678
-754.7419096194867
-1045.8732411063324
-1815.7018482166263
-616.1487851688323
-2240.0492371725472
-508.9436946020603
-1115.9966143575678
-1005.8250341304746
-925.1658110707223
-931.7187349498911
-452.92013210032303
-484.32961329546765
-494.3010237308051
-722.7748182188391
-397.3060069977778
-2551.563350388735
-1502.4020209307025
-1083.8139794431258
-521.4695692360372
-873.7648009573063
-650.7043093916193
-2037.2767932575207
-950.2899717786423
-587.356087935618
-613.3668319030023
-603.843749919978
-529.2380253611748
-568.0560706939821
-426.1736007494884
-606.7605598706443
-505.05398739290405
-536.4764494581834
-460.1344761999845
-506.5154615417228
-491.09912238052334
-409.46090648447347
-620.2863435150848
-3683.9819758921844
-746.1077564194534
-1526.5203673119652
-391.7847741293556
-1491.246820088956
-1351.6896403557757
-2283.492599639116
-474.9484071605409
-1324.4159394539854
-1417.640340171642
-859.3248682241293
-527.2298218880829
-1085.3879665742509
-765.5073949624518
-633.4347537393294
-567.4625516763674
-609.4149298161926
-633.4974491741444
-640.113209647815
-557.772528886884
-585.643421579045
-711.464481070902
-599.493280998375
-566.5242559602549
-762.7964902325999
-923.03750209248
-543.9067251999741
-593.1170087672765
-522.541783960049
-730.7277404973045
-1419.6901939915717
-1536.330453498489
-474.68825832083905
-411.43857241101057
-599.2934921051011
-399.91688705747333
-619.1650256640131
-556.8274474141278
-541.3439120076623
-583.2156292920552
-854.5411071012037
-771.0589644490428
-659.9326105265843
-840.5786951928401
-471.33846667030144
-465.14923348692713
-622.0222526715459
-826.5140254810674
-886.8576965473002
-592.917410518832
-399.4919587409189
-767.2607487715127
-617.0707234474471
-908.4279657633459
-433.3902919066488
-840.5041845688853
-643.816797315626
-746.6266765190352
-589.7243844678258
-805.4203335098346
-556.7289099135176
-755.4427383163764
-1067.7487852877202
-852.877838654753
-510.7725700803243
-758.3620258965396
-537.091464952156
-546.6516118881405
-572.6867765984041
-446.1583983050002
-1176.108918689521
-545.3696483179187
-658.1962202705082
-724.9857131572003
-524.2721578422077
-592.3193574148725
-363.96744517642577
-1208.2952095852986
-2090.3616522392554
-739.8077514676352
-1176.6187999690553
-601.0351201680603
-541.3138762184692
-752.4603271924532
-867.3261908118452
-391.59374618253366
-1011.4763516917592
-656.0598555442866
-521.9931795894935
-632.0674403007612
-595.9478304300076
-1133.1159432174134
-904.8177752587502
-476.26675721911204
-646.8514774560595
-563.8481737896047
-965.3385924993058
-608.6276712253141
-1252.7174748040566
-648.8404837244001
-620.6646189186308
-1861.08894253411
-428.4753748201129
-2178.3057074522003
-577.0806276440699
-525.2380627344535
-507.624173329792
-420.6277795716413
-683.2646775422106
-478.81851901120507
-680.2589938984834
-718.8857399170678
-1028.814173435755
-894.7783552468447
-1326.1187077777388
-2174.4148946110054
-2092.9444216553943
-1729.762201898222
-606.9456634021276
-2393.69902141428
-557.3042149885002
-642.1012244174193
-513.7029808488089
-5599.682918188184
-992.8359829602769
-1493.218847592707
-830.7690435590624
-542.9220137291072
-904.3441145831542
-550.1152001459244
-2102.657381538811
-1235.6127579133104
-551.187449830196
-588.3159967940813
-643.5628520573398
-945.8965322013513
-1142.4918649858612
-610.6448174558734
-423.6227719261439
-579.3261078025937
-864.7877547932793
-511.459480150335
-736.2580119602715
-530.2000263795026
-625.5831141549412
-486.46397287752524
-590.7604007521381
-654.4973049810603
-586.7821327720678
-768.598302144578
-538.608742415865
-406.22934395082376
-724.3155058542599
-686.130397678608
-1111.123869696103
-615.7166242742203
-771.3281868221445
-508.7591719958688
-612.5324815083088
-1332.5692136547527
-1117.8861125477003
-3120.2562189248233
-634.2709370918016
-863.5678931480085
-601.2089086781145
-878.6750821738736
-662.6886208515699
-556.2575158676739
-1896.5301366468275
-544.2528712741948
-1639.5665439983325
-843.4589847623246
-484.3725138298948
-970.4990933715194
-531.4666421956094
-868.7717923304432
-414.38348875424856
-1106.598030466268
-435.89512999152066
-615.4729658299474
-479.57824749106015
-797.949990869359
-419.27132412230384
-661.2341209225378
-954.9484823384744
-1291.3712063431783
-2295.976722577563
-391.27933423619004
-541.1699476053648
-617.1805876412889
-567.7917008407526
-510.75724423467216
-2801.1251595767576
-720.1198539341251
-367.5658283672122
-790.8553808795627
-951.9015465855193
-665.235055736663
-808.6890899896658
-1303.9106131023245
-1057.8917921868533
-1453.3020103588115
-828.6841556565962
-904.4644102323455
-568.7880653206397
-1519.8437471824654
-576.2895901143179
-619.6100259235936
-446.89393412801854
-476.26069464420357
-783.6759442058277
-518.0324204044923
-643.7632976284569
-382.907291308494
-1003.2541032302744
-624.852558790685
-666.350430010082
-556.1695084361744
-546.0034200069014
-1168.8782278419035
-498.9840387715186
-1634.6927033859877
-874.4960982644194
-419.7327977456618
-736.7506783160482
-1179.5070230681176
-698.5165318014235
-1126.9078992499553
-784.3215233044945
-517.6096268499807
-504.72494882059
-615.9398599013227
-588.9305560140169
-2493.7062850415073
-884.4475440443301
-913.9663959524756
-895.8712985627506
-1139.5430574227485
-720.2880177971954
-576.8282120185252
-2916.3065641462085
-1056.7049760759473
-493.8160691089426
-555.4579660862771
-4364.376192249338
-491.274882890616
-715.5223075064245
-2380.1648078420744
-626.606262685485
-589.4675916470185
-1619.0630190148356
-633.4482442555882
-518.410173324014
-453.4225581683383
-428.2810168320114
-3138.953709802333
-530.6031943621185
-939.045348879252
-480.3877489191264
-429.39374262293506
-438.6948158401967
-505.4575803034091
-1182.07009164881
-715.1041151766995
-463.6496558414024
-465.8606317537264
-660.5630797643491
-632.4284066011568
-835.8978315384081
-656.9434907582504
-631.5994276930259
-599.504662469494
-458.70372819105285
-582.1666529544761
-1315.0982836196301
-2500.3477300594786
-1001.4352168355857
-678.3674867526328
-507.28571944258624
-647.6859345584473
-573.2849511819152
-772.396691765332
-448.0696036943981
-2446.0075894769493
-458.3958841251157
-653.0762870457871
-596.9158952179928
-469.1116050450272
-959.6336939110719
-587.5949674442504
-1544.9015627842005
-560.0705139443581
-992.8980045384835
-519.612751961507
-1037.3963307700942
-901.9224630549083
-578.5422819540878
-411.5771309256121
-1658.2982043258762
-576.0183601938054
-583.9710613187256
-551.4382737027684
-1580.3524798418514
-539.4685138312697
-630.6498913528291
-933.772062330713
-514.001732597631
-2978.098665691514
-736.2648595506885
-821.625940591694
-519.9811888291465
-763.718855527997
-639.8567728918051
-608.2429884054254
-505.4012261954904
-1145.014852901805
-1360.4649300826945
-576.4440752003977
-752.059741783848
-621.8170381539655
-466.59679471073343
-503.29411399068863
-1618.87718937895
-615.8471642883629
-731.0400571392069
-755.684661537213
-1758.0995814958103
-713.1653872983942
-565.7243554025292
-2243.29835812378
-513.2960250146887
-766.6190635782507
-1884.3453069505426
-609.3747383408897
-1466.0983549981459
-1042.85855693093
-888.3200922403499
-1437.5735372825507
-731.3350778002431
-622.1501771552972
-436.0630799093915
-888.7581840620257
-2244.891453526369
-424.7589991325964
-496.4571724591589
-575.0230773265505
-3183.5204237058642
-1990.6249585839116
-872.552873969581
-537.8130507065737
-1029.7934438717762
-507.7177828463795
-583.9809882456632
-543.303808807808
-514.1923630489434
-510.7902021051874
-799.9615905255586
-784.570712831958
-659.8951085442714
-942.1325619251617
-933.2108912760525
-788.3055222109093
-2674.8336724941746
-609.4170934390625
-434.6043235546863
-596.36090426141
-880.0490034006401
-531.4724696900189
-1624.7266310643342
-504.39962656213305
-760.6311158607821
-880.0650680660922
-1220.5532525018632
-1018.5425173849308
-916.8124669588568
-622.2676930103959
-862.2903243400207
-926.7914336608318
-1512.3707955295718
-1581.6086322427875
-744.9028254663219
-603.2295347683084
-535.5885781709342
-692.119451593929
-611.5629282650696
-1289.91347252622
-607.150450609372
-1671.0863434906014
-639.8509726541025
-1208.3590092740242
-757.7183825761232
-1029.8042442685294
-485.0600750723178
-548.6445983263333
-629.8211797395012
-632.2643151547687
-600.2231105939062
-483.89203550412924
-1482.493099892118
-1277.752358239878
-354.397382825068
-655.3162479144207
-775.2585359384658
-607.9408124262031
-525.1512370110936
-725.0140435734828
-461.00546273171585
-609.6817590185818
-617.1053885747691
-591.9265572076436
-567.8763839711946
-817.7589214920605
-483.1776929958183
-545.8974011078489
-1381.3500891339083
-491.507481266096
-1478.0828318294834
-608.8906857451288
-803.9139387422359
-468.09601645888023
-467.75262051776366
-1693.9120615129461
-605.1878859071726
-568.5090008610211
-1060.1121105893385
-592.4722145023692
-827.6515458625109
-1201.8368392069033
-873.6052537169257
-807.5354453782068
-789.4472445067772
-472.38965543142194
-939.215599045267
-1090.492875800617
-1463.9186757470543
-1040.1965481080215
-637.0534596436157
-601.6092647619138
-894.8689113575466
-673.2614434380813
-784.746701150769
-593.7231892352365
-1429.0104271723778
-749.6543720155008
-658.2194540254519
-418.3603617540174
-674.6541482034737
-961.3273992357166
-2289.452996566915
-1298.8316403951883
-791.8968525333573
-726.7039432780597
-2167.1461646811417
-537.6130884838271
-600.4538548408859
-562.540375092801
-854.9417486920746
-538.2922660783154
-637.9909055373442
-917.0345423844425
-548.6247045996911
-1393.6131392278248
-688.2898151426288
-1551.7620082611495
-544.4101400729679
-590.1221900872745
-2231.5498705911987
-806.1452344930409
-579.6155240180062
-587.8244394258818
-700.2633756993426
-801.3968918520449
-610.6384585997346
-541.857921042741
-598.3507813970505
-1285.2424257335433
-1543.3053584504567
-663.0984249580009
-584.6273426879479
-871.2761973349907
-599.3196984385729
-724.5431357357368
-868.1023218141225
-461.81285968927045
-728.8684098462959
-701.7830956920815
-363.9997973476682
-715.3006114962135
-535.251296036463
-721.9274255482426
-771.211448800729
-2326.168358087876
-429.6664794555615
-613.6449284851753
-610.0230786579625
-717.1639901086056
-1304.3472153009282
-562.7863744261662
-1154.626064287867
-1856.9616790389298
-519.8822427846076
-871.5819849810619
-833.9845720740749
-1405.1722482989062
-1452.1865740843996
-414.59167974603855
-754.7792158271753
-1379.2100580517913
-456.12000044123255
-1904.1718137333078
-1654.0123008946746
-542.0255119299575
-495.1073131383421
-552.5027969004639
-610.4854147906674
-614.1492637571519
-617.9239554049127
-546.7140712194592
-763.7315788194784
-471.0546348859287
-1517.2940460551008
-1011.758332824869
-2092.234346189961
-2035.294892445139
-526.3015647824499
-716.1819215984976
-903.6863382240779
-536.5377332904734
-590.4552687088549
-485.21894137977154
-419.8304323015936
-458.0485700432105
-744.1208825565626
-461.0239837175845
-691.0681758065925
-2533.6760014532715
-552.1003440550346
-757.5508046360142
-571.7086246044079
-640.6840447793396
-687.7338234743017
-394.7776609207115
-1103.7653100508314
-566.7713307036233
-1132.9468316483203
-607.4089603142711
-772.325873050629
-1170.5070996381746
-1737.3811628530668
-502.39729320675957
-567.3392337076199
-644.7312165224826
-744.6013914434266
-798.3303234546013
-1681.2006093376892
-937.5663475051425
-975.5638705137379
-714.4691155329975
-1395.1555088045807
-543.7198062378194
-738.7515812961564
-603.0577247341971
-864.7006580637491
-590.1261562844293
-620.8459278280131
-680.1992379903573
-940.6439274922091
-1600.308895613954
-836.8201563836881
-1454.0660864861227
-1295.4308121001473
-689.799145569845
-1204.305130697574
-347.46798857599913
-543.5497951637965
-787.2239393623736
-600.7970478438644
-649.4509254947428
-816.2443734213185
-637.2273648054107
-928.0013022088701
-1014.4893815546351
-623.8350066424447
-2040.005257125414
-1137.919012706012
-379.6557396773461
-747.5475866957875
-2376.3090993369237
-693.8817557030143
-496.5615860496645
-564.6820582820704
-935.2580492658863
-445.1210761338285
-589.8845276119316
-556.6891048581181
